100
300
132
12,266
54
291
212
203
133
103
179
168
83
13
322
81
17
224,323
165
172
310
182
104
178
122
129
82
305
130
269
180,187,117
101
299
314
59
330
171
69,158
22
312
33
44
2
249,274,238
259
166
184,67,324,47
209
201
227,261
10,326
61
164
16
192
118
319
84
28
276
160
90
320
5
205
152
55
32
217
230
188
111
214
210
20
220
138
128
24
11
204
216
120
246
87
213
311
228
268
282
63
146
57
27
56
253
332
98
294
126
221
3
273
248
114
191
7
68
153
327
39
223
121
239
233
199
293
38
275
142
119
149
255
300
161
134
162
317,49
92
211
218
175
137
295
0
304
296
79
257
145,185
37
8
96
258
77
289
287
159
30
89
194
286
226
131
241
263
19
232
247
86
4
193
283
316,169
240
198
123
113
29
303
150
141
108
250
35
177
135
278
170,73
48,279
301
196
318
107
85
280
106
321
183,181,15
65
264
219,75
288,155
163
186
313
189
190
215
66
52
148
18
115
208
297
99
105
42,1
298
94
308
285
231
110
46
206
245
271
260
325
116,76
151
225
26
60,41
34
236
333,237
100
235
256
45,144
64
174
254
23
139
6
267
91,14
195
290
328
102
167
243
97,74
251
242
176,9
277,202,262
306
125
222
88
51
70
50
173
309
58
143,72
80
229
156
112
40,329
252
53
315
302
307
234
124
93
21
95
140,78
154
62
109
197
281
200
331
43
292
334,71,270
284
335
265
207
25
136
244
36
147
31
272
127
157
AFC:214,135,139,22,222,281,286,13,121,128,269,58,50,299,290,93,318,199,191,110,80,3,171,146,309,305,104,30,334,64,257,254,180,186,6,160,10,314,274,153,232,49,323,321,205,209,76,73,68,263,41
CAF:215,212,218,134,27,289,8,123,124,57,52,63,298,294,197,190,115,112,119,84,85,173,92,304,245,242,105,31,332,179,175,255,276,315,229,165,150,157,238,67,16,237,236,46,40,87,204,96,279,267,169
OFC:217,219,130,136,26,21,122,129,268,69,328,91,59,55,312,193,89,82,141,7,170,302,241,102,100,33,145,246,330,176,256,253,182,187,97,317,228,164,162,114,17,152,250,158,278,234,230,224,280,42,325,329,201,77,47
CONCACAF:211,131,138,20,223,28,284,287,227,265,127,54,56,297,292,198,147,192,271,111,81,174,231,303,247,106,39,34,335,70,258,251,183,311,142,163,220,12,117,275,116,62,90,239,44,320,5,9,155,203,207,149,74,78,261,1,326
CONMEBOL:216,313,264,133,95,23,29,4,283,125,51,296,291,88,113,118,140,226,172,308,307,243,103,37,108,331,60,259,65,178,272,288,185,248,194,221,316,99,166,167,161,14,66,19,151,277,233,45,200,206,148,75,72,154,2,144
UEFA:213,210,132,137,225,24,25,0,282,285,120,53,295,293,319,195,310,83,260,300,301,306,244,109,240,101,107,38,32,35,94,252,333,61,177,249,181,184,188,189,196,98,168,11,15,18,143,273,156,159,36,235,48,86,43,322,327,324,202,208,71,79,262,266,270,126