100
300
220
206
298
171
87
85
265
227
238
322,325
134
297
45
29
9
248,154
36
123
225
190
217
306
246
183
94
141
43
99
268
235
201
119
175
170
83
21
174
110
284
67
95,173,261
221,270
282,13
272
245
30
39
114
105
137
276
195
77
290
300
107
283
240
231,158
167
49,148
122
88
215
162
295
182
146,64
106
98
202
129
41
1
112
138
200
181,2
226
209
24
252
51
311
47
292
28
266
60
275
18
90
89
305
26
304
185
271
80
196
198
214
120
326
25
244
264
228
285
46
210
302
328
288
145
327
92
54
176,274
280
179
286
160
34
237,320
44
143,329
58
193
205
81
149
40,96
308
65
216
242
330
139
263
324,155
203
317,229,156
194
260,230
7
161
17
192
111
262
10
38
100
177
126
187
66
303
5
76
289
157
223
62
273
153
32
73
118
314,204
68
278
239
309
128
108
135
27
180
74
56
291
207
140
197
48
131
23
256
101
184
50
165
113
294
11,152
12
109
211
72
218
269
79
189,16
249,15
133
313,14
172
121
82
163
186
259
61,42
70
124
319
253
104
147
312
115
20
258
166
103
199
178
37
102
296
212
71
53
255
169
22
277
35
19
136
241
159
222
243
316
318
55
78
168,232
132
86
213
307
8
3
293
151
69
93,315
323
164
91
59
188,117
310,233
236,208
281
116
6
52
299
279
33
125
150
250
130
0
254
247
75
127
31
234
301
287
57
257
219
251
321
63,224,267
84
144
4
142
191
97
AFC:216,313,136,95,138,25,29,0,4,287,227,265,128,269,58,51,297,293,93,199,191,192,271,80,174,92,301,303,245,247,100,108,145,258,64,175,249,187,221,166,161,11,117,273,17,158,36,234,235,48,86,45,322,325,208,148,78,279,267,169
CAF:211,132,24,26,21,222,284,121,124,129,69,59,50,296,294,290,318,312,88,112,173,141,226,7,302,240,101,105,38,33,35,94,330,179,255,248,183,189,196,276,142,315,229,163,10,116,159,278,239,67,16,237,43,202,205,207,75,154,2,263,326
OFC:214,264,137,27,289,8,282,286,120,122,127,54,56,298,82,81,140,260,171,146,306,109,243,102,39,31,177,256,254,181,194,188,97,317,228,167,162,14,114,314,274,151,153,250,62,238,236,233,224,42,87,327,200,203,204,73,270,1,47
CONCACAF:217,213,210,219,133,20,22,28,123,125,268,52,63,295,291,319,198,190,193,115,89,113,84,231,309,307,242,104,61,65,178,251,257,288,182,184,99,164,18,275,152,156,277,46,5,324,9,201,149,74,72,144
CONMEBOL:212,218,130,134,23,281,283,328,91,53,292,195,111,118,85,3,170,300,304,241,103,32,34,60,259,176,272,253,186,311,6,160,220,15,66,143,150,230,44,320,155,76,71,262
UEFA:215,131,135,139,225,223,285,13,55,57,299,147,197,310,110,83,119,172,308,305,244,106,107,30,37,246,252,70,185,180,316,98,168,165,12,19,157,90,232,280,49,40,323,321,329,206,209,77,68,96,79,261,266,41,126