100
300
68
79
174
18
206
49
63
149
306
297
243
65
128
91
196
85
184
186
191
189
277
234
185
238,43
214
137
96
126
64
276
115
140
219
84
69
207,77
260
130
261
33
160
265
286
5
188
48
13
86
274
275
281
120
143
300
295
287
161
2
263
268
166
292
269
239,148
138
279
37
171
182
35
12
125
212
121
169
203
136
235
119
53
227,208
159
7
220
192
103
293
4
76
267
58
301
17
255
109
242
20
247
1
164
19
75
133
153
117
6
129
94
264
83
285
236
89
221
16
111
50
204
38
30
123
209
10
45
98
88
250
183
225
224
284
46
0
232
74
55
307
231
145
176
15
21
258
110
67
197
81
270
305
102
54
278
87
95
179
72
210
218
146
280
271
229
256
167
272
139
217
180
92
251
41
240
156
283
155
61
29
195
106
104
141
112
118
211
254
82
14
175
223
249
273
163
288
298
3
36
259
100
105
28
151
51
230
52
302
170
173
116
172
66
248
262
190
290
8
199
113
303
244
187
114
152
257
291
11
289
57
154
198
132
107
162
181
205
299
108
282
233
26
32
253
237,9
228
31
202
241
178
200
157
59
60
245
266
296
90
56
226
99
40
27
165
222
201
304
177
135
22
194
97
42,71,47
93
193
44
25
101
124
62
127
168
39
131
216
158
78
134
80
34
23
70
252
215
142,144
73
150
122
24
294
246
147
213
AFC:217,213,133,25,20,28,285,122,123,265,128,51,292,290,147,197,192,111,112,81,171,7,306,241,243,38,94,70,61,179,251,257,186,12,274,150,159,234,235,224,49,1,155,207,76,270
CAF:212,27,222,286,59,54,296,294,291,199,194,89,140,172,146,302,247,101,39,30,108,246,64,178,254,184,97,229,164,166,11,220,17,151,116,158,239,230,280,87,202,208,148,77,154,79,78,2,41,276,267,126
OFC:132,134,95,138,22,223,289,4,281,8,227,13,69,55,63,298,198,67,80,174,141,305,109,240,100,104,35,253,182,189,221,167,114,18,275,157,90,45,42,5,205,209,74,144,260,266
CONCACAF:210,264,218,130,135,139,225,26,21,282,284,120,125,268,53,293,193,115,88,113,83,173,92,307,245,242,106,33,31,34,60,258,255,249,183,142,169,163,15,66,273,153,156,232,48,44,9,203,75,68,96
CONMEBOL:216,214,215,136,24,287,124,129,269,91,58,57,50,297,195,190,110,82,84,3,300,303,102,107,105,32,37,259,176,256,272,248,181,187,98,168,228,165,161,162,14,19,143,117,279,237,233,46,43,204,206,72,262
UEFA:211,219,131,137,23,29,0,283,121,127,56,52,299,295,93,191,271,119,118,85,226,231,170,301,304,244,103,145,252,65,177,175,288,180,6,188,196,185,99,160,10,152,250,62,277,36,278,238,16,236,86,40,201,200,149,73,71,263,261,47