100
300
93
306
22
7
322
244
140,92,184
105
86
114
11
1
12,143
229,208
33
175
9
234
42
182
300
297
293
183,48
34
192
35
285
304
152
161
18
245
242
160
122
233
71
249
117
138
53
2
277
264
227
256
112
252
131
220
251
173
113
45
106
303
267
176
38
265
134
102
129
287
103
80
139
158
30
120
213
201
21
109
94,79
194
62
104
37
40
202
204
216
150
311
61
123
253
163
108
90
254
308
137
218
278,232
179
314
203,76
60
54
44
239
269
260
96
156
115
248
65
146,309
58
148
217
230
312
294
32
271
247
317
23
49
69
189
274
41
3
133
126
211
301
226
243
279
64
125
162
17
318
155
292
10
207
100
87
63,187
170
222,46
111
169
178
193
151
141,74
191
36
266
95
101
81
145
257
199
171
91
29
5
99
159
177
127
283
13,70
98
210
154
223
212
250
206
221
15
181
231,43
197
200
97
47
281
196,16
121
136
302,144
83
198
298
185
215
259
78
147
4
89
228
313,75,68
59
291
268
164
319
282
273
316
262
27
288
142
26
238
205
190
51
286
272
225
195
237
188
107
219
88
73
135
6,19
128
275
224
67
214
305
116
14
236,149
172
110
24
307
310
276,157
240
66
209
280
56
0
31
261
130
39
118
321
72
299
167
180,235
8
295
77
174,153
258
85
166
296
132
168
52
323
284
186,263
289
119
246
57
124
270
320
84
28
241
290
315
50
255
20
55
25
165
82
AFC:216,218,133,27,289,281,287,123,57,52,290,318,147,191,110,118,173,260,3,7,231,300,306,243,101,106,30,60,61,178,251,185,182,188,311,97,142,99,165,161,220,14,18,274,152,90,45,201,205,209,75,68,263,266,126,169
CAF:215,211,219,131,134,95,138,25,21,4,283,286,13,265,91,55,298,291,199,190,271,113,82,83,119,174,146,309,240,31,70,259,179,255,189,221,276,229,166,19,153,250,158,36,234,236,224,40,320,5,206,149,76,79,41
OFC:214,213,132,130,24,29,222,8,284,121,127,58,56,51,295,195,197,115,89,81,84,172,301,303,307,242,103,39,33,35,257,249,181,187,98,163,66,117,156,159,278,16,237,49,44,323,203,71,144,262,267
CONCACAF:210,264,135,139,225,20,227,124,268,69,50,299,294,293,93,319,198,310,140,141,170,245,247,241,104,108,176,254,180,186,194,167,160,15,114,314,62,238,233,280,48,86,43,9,204,77,74,154,2,279
CONMEBOL:217,26,23,285,122,125,129,269,59,53,63,296,312,193,88,111,80,226,171,302,304,107,38,32,145,246,65,177,288,253,248,183,6,316,315,228,162,17,275,151,239,230,42,87,322,200,207,148,73,96,261,1
UEFA:212,313,137,136,22,223,28,0,282,120,128,54,297,292,192,112,85,92,308,305,244,109,102,100,105,37,34,94,252,258,64,175,256,272,184,196,317,168,164,11,10,12,143,273,150,116,157,277,67,235,232,46,321,155,202,208,72,78,270,47