100
300
163
256
242
259
182
46
191
271
295
11,2
250
119
47
114
88
148
209
116
224
262
255
136
192
62
188
275,322
92
216
194
252
197
268
60
27
325
297
159
232,204
245
121
32
104
327
16
153
19
71
42
170
328
168
17
66
217
233
44
122
65
18,73
23
200
26
156
207
56
14
58
69,180
7
311
135
123
22
20
318
326
143,274
303
55
63
118
301
33
293
306
157
314
302
161
241
221
91
40
164
112
213
254
211
128
267
51
243
247
208
6
305
265
95,36
151
81
316
193
129
176
179
38
173,253,158,278
321
59
258
64,15
53
52,94
126
45
201
125
145
108
100
320
152
277
281
139
175
105
149
178
154
219
190
31
249,237
150
196
228,96
212
319
283
50
264
67
238
244
134
90
246
37
28
29
183,155
287
288
13
214
187
97
54
276
323,266
147
236
34
111
181,117
72
76
300
292
24
49
227
312,315
160
101
113
21
115
82
234
146
248
284
162
61
99,270
167
78
83
291
298
261
106
218
289
309
239
299
185,235
133
9
225
220,79
98
203
260,172
206
138
12
25
39
177
75
184
198
189
166
3
127
124
144
57
199
307
285
137
107
85
93
215
84
226
202
231,77
222
10
223
229
102
257
132
86
317
308
286
30
141,74,263
313,140
120
35
171
310
41
48
70
282
131
87
269
8
169
251
110
174,279
89
195
240
230
186,1
43,5
130
273
4
324
142
109
165
103
205
210
296
294
68
0
290
80
304
280
272
AFC:216,214,264,135,27,23,8,283,268,57,52,295,293,312,193,113,83,80,3,308,300,305,245,109,177,255,248,184,196,97,316,99,229,220,19,143,152,116,157,62,36,236,86,322,327,200,206,71,263,1,47,279
CAF:215,212,130,136,21,120,265,56,53,290,93,198,112,81,226,170,301,241,100,145,246,252,259,176,288,181,194,317,6,167,163,66,18,274,151,156,90,235,233,44,323,202,148,72,154,262,270
OFC:134,139,20,29,282,285,284,121,58,63,296,294,195,191,119,171,309,302,306,244,101,34,94,258,179,272,249,253,187,221,276,168,315,162,12,117,150,158,16,224,49,43,321,205,207,75,68,79,2,144,261,41,326
CONCACAF:211,218,219,133,138,25,28,289,0,286,123,124,269,54,318,197,310,190,89,110,82,118,84,174,173,260,146,304,242,102,105,38,31,108,35,60,65,185,183,186,228,165,161,10,14,273,278,238,232,42,320,5,203,208,74,96,267
CONMEBOL:213,210,132,137,26,22,222,287,227,122,125,127,128,69,328,59,55,50,298,299,292,192,115,85,7,231,92,307,243,107,39,32,175,257,182,311,142,98,166,11,114,314,17,153,250,159,67,234,280,45,40,87,324,201,73,78,169
UEFA:217,313,131,95,225,24,223,4,281,13,129,91,51,297,291,319,199,147,271,88,111,140,141,172,303,247,240,103,106,104,33,30,37,70,61,64,178,251,256,254,180,188,189,164,160,15,275,277,239,237,230,48,46,325,9,155,204,209,149,77,76,266,126