100
300
175
49
260
197
166
14
181
61
34
123
229
286
104
219
164
130
65
66
140
297
128
238,279
136
274
21
15
224
291
40
205
11
79
126
98
203
106
97
147
153
96
138
137
24
192
270
54
9
105
237
272
152
246
44
129
36
209
240
256
148
114
141
220
4
176
2
303
208
230
12
72
193
221
131
135
28
182
204
56
243
30
33
211
70
278
112
157
267
146
145,249
80
293
37
115
142
57
165
3
60
156
168
100
42
67
87
25
225
298
102
263
17
275
73
48
160
82
119
47
55
31
64
83
20
120
202
172
89
186
51
69
235
108
149
59
52
288
198
213
253
255
88
232
300
74
143,262
173
10
242
45
280
23
304
281
118
236
92
217
8
273
247
257
132
122
284
194
277
1
207
124
107
223
121
7
127
26
287
241
292
43
187
22
276
296
251
266
0,231
13
210
244
234
250
199
18
58
90
39
155
134
184
84
212
302
109
252
285
111
163
159
189
27
68
218
62
258
154
46
233
50
95
94
215
299
29
116
6
150
19
174
216
261,41
75
222
93
269
77
301
167
38
101
196
200
190
5
245
139
282
227
265
271
151
117
113
91
71
289
32
183
239
162
178
125
259
228
78
81
188
170
248
16
103
144
295
85
110
179
201
161
264
226
214
254
290
171
133
63
76
35
294
195
86
169
283
268
180
158
206
191
177
53
185
99
AFC:212,264,137,24,20,8,287,124,125,91,50,53,297,191,193,113,83,118,173,3,146,302,247,109,241,100,104,38,32,64,272,253,182,180,97,228,164,167,10,116,156,159,238,16,236,224,44,87,203,206,71,78,144
CAF:215,132,136,23,282,121,129,57,51,63,299,292,198,194,271,110,112,80,81,85,174,301,242,102,30,259,176,251,248,187,221,142,162,11,17,152,277,234,232,48,86,43,5,204,209,149,72,96
OFC:214,218,131,138,27,0,284,265,268,52,296,291,190,111,119,140,141,226,170,103,31,37,35,34,246,252,65,178,256,196,165,160,19,18,273,275,278,90,230,42,9,155,200,76,73,2,262,126
CONCACAF:213,133,134,26,21,222,289,281,285,122,55,294,199,147,197,115,82,231,303,244,101,107,33,108,70,60,179,175,183,186,6,189,229,166,163,220,15,250,235,49,205,208,77,154,263,261,270,41,276
CONMEBOL:216,210,219,139,25,22,223,4,283,227,123,127,269,69,59,56,295,290,93,192,88,89,84,171,7,304,245,106,39,61,258,177,257,255,288,184,188,99,169,12,14,66,143,150,158,239,279,45,202,148,75,47,267,266
UEFA:217,211,130,135,95,225,28,29,286,13,120,128,58,54,298,293,195,67,172,92,300,240,243,105,145,94,254,249,181,185,98,168,161,114,117,274,151,153,157,62,36,237,233,280,46,40,1,201,207,74,68,79,260