100
300
192
217
253
71,282
334
37
84
187
42
20
22
336
178
210
32
63
98
333
155
339
77
58
298
198
166,162
13,305
17,219
193
62
294
280,111
182
90
19,3,284
273
245
303,45
283
348
220,40
281
345
167
239
11,152
328,318
109
189,121
135
64,69
196
18
65
51
142
227
144
307
264
185
34
35
197
225,151
96
332
23
138
316,223,41
80
216
238
161
61
324,204
156
175
154
291
277
304
104
131
243
88
215
172
141
183
252
299
255,118
266
127
341
278
330
308
209,300
76
73
335
250,228
208,72
338
36
224,49
272
317
340
95
206
0
43
137
83
232
143
57
296
258
86
27
211
15
321,168,301,302
346
122,265
235
107
288,53
70
163
289
181
133
78
188,251,257
246
2
25
221,150
54
240
310,66
179
344
191
259
286
28
295
74
101
249
91
213
145
202
158
237
124,312
6
24
165,44
180
38
126
274
309
261
60
171
12
254
39
329,169
8,50
234
214
314,218
33
108
31
347
21
55,157
93
342
325
75
103
81
29
292
263,116
226
270
315,56
337
26
149
68,260
267,159
174
322
290
275
319,47
136
105
117
87
287
16
89
222
229
231
194
120
79,114
100
247
176
140
132
184
271
147
177
248
153
313
115
201,306
205
236
125
30
285
59
146
327
46
94
241
323
148
242
113
139
82
173
326,129,164
276
203,256
102
99
269
160
190
212
199
110
9
293
112
128
123
349
134
170
10
279
85
320
67,119,5
4
186
7
343
331
262
52
200,268
106
14
130
97
244
92
297
233
207
311
195
48
1
230
AFC:345,299,196,193,278,104,32,37,338,6,98,91,233,144,145,137,181,81,175,188,13,17,321,325,328,205,209,72,126,317,252,66,254,164,165,213,4,281,286,261,269,55,57,115,117,307,220,152,159,49,47,40
CAF:341,298,195,191,274,277,100,106,39,33,35,34,333,234,230,142,149,131,136,134,20,28,85,245,240,171,2,187,184,10,12,16,320,329,202,77,74,70,125,313,310,316,64,251,257,163,289,282,260,264,268,59,50,113,119,305,223,151,158
OFC:343,349,296,292,198,194,271,102,38,30,332,92,97,239,237,147,141,132,130,26,21,87,84,243,179,176,174,186,15,322,204,78,8,124,311,314,65,68,250,255,168,216,212,211,218,288,280,263,116,303,222,154,112,48,46
CONCACAF:347,342,291,192,270,273,103,36,334,331,0,95,94,238,235,231,146,139,22,82,7,246,249,172,183,14,18,62,324,201,200,206,75,71,121,123,129,315,258,67,167,162,217,284,266,58,54,52,114,308,301,304,227,224,157,83,44,43
CONMEBOL:344,346,340,297,293,290,197,275,108,105,31,336,330,99,90,236,143,133,138,25,23,89,244,247,178,170,182,185,189,11,19,203,208,73,79,120,127,319,312,3,61,256,169,160,283,267,265,51,110,253,302,229,226,221,150,153,156,41
UEFA:348,294,295,199,190,272,276,279,109,101,107,339,335,337,93,96,232,1,140,148,135,24,27,29,88,80,86,241,242,248,177,173,180,323,326,327,207,76,122,128,318,60,63,69,166,161,9,214,215,210,219,285,287,262,56,53,259,111,118,309,300,306,228,225,155,45,42,5