100
300
241
110
123
69
310
65
291
266
289
183
247
233
66
187,62
224
10
168,228
137
70
275
253,278
85
179
161
74
91,321
282
36
212
194
37
309
204
332,75,261
176
138
101
165
287
158,46
211
156
299
111
26
51
288
218
17
112
237
324
0
188
337,207
172
22
245
174
19
302
295
148
312
93
238,202
8
118
277,201
258
254
259
87
49
177
92
34
35
219
200
297
108
325
232,2
113
315,73
229
57
294
209
304
326
42
104
215
227,157,77
178
41
169
128
316
160
197
27
25
129
40
109
195
272
3
248
262
163
244
155,79
220,234
59
303
14
225
52
333,203
323
256
196
106
32
58
317
182
230,208
133
252
154
268
240
167
293
319
223
173
216
305
328,97,68
222
271
54
64
143
48
136
23
290
21
257
152,45
117
269
298
28
192
80
198
9
29
124
260
270
199
12,279
153,327
149
226
292
181,5
122
105
335,78
55
186
306
95,280,76
336,44
86
191
24
20
286
60,151
189
331
31
285
314
119
134
184
127
116
214
131
283
13
141
338
130
166
82
318
67
98,96,1
115
265
301
231,18,263
329
50
147
210
142,150
246
242
83
6,274
308
243
180
281
205
84
255
99
102
311,320
250
56
38
114
135
89
39
94
221,276
53
107
63,11
16
330
15
175
164
88
126
236
171
61
296
4
139
120
125
284
103
307
90
267
322
213
264
81
273
43
72
140
132
145
339
162
251
30
100
193
249
206
121
217
47
71
144
170
300
185
7
33
146,159
313
239,235
190
334
AFC:212,313,219,133,137,21,223,29,282,285,122,128,269,328,59,51,53,296,294,93,191,110,308,305,244,247,102,101,104,37,145,339,259,65,175,186,194,6,168,161,10,117,17,275,153,159,90,235,233,42,322,320,9,329,204,207,206,149,76,73,71,79,262
CAF:217,130,95,24,20,22,284,120,50,297,292,312,197,115,89,111,82,84,173,226,7,303,245,103,100,33,31,338,331,177,251,253,183,184,317,98,166,162,18,273,151,152,157,62,239,67,234,280,44,40,203,209,75,144,266,1,169
OFC:210,218,131,138,225,27,289,4,127,91,57,299,190,271,113,83,119,146,231,301,243,38,108,34,252,337,333,61,176,288,182,180,187,221,97,99,167,160,314,250,156,277,16,49,45,87,321,324,201,205,68,267,326
CONCACAF:216,211,136,8,283,121,125,69,58,54,298,291,318,199,195,193,80,85,172,170,309,306,105,334,336,258,179,178,254,248,181,142,165,163,15,114,143,158,36,236,232,224,46,323,5,154,96,270,41,279
CONMEBOL:214,264,134,23,28,281,287,227,124,129,268,56,52,63,295,293,198,147,118,140,260,92,302,307,109,106,39,32,246,335,332,60,257,255,272,188,189,311,316,229,164,220,12,66,19,150,237,86,43,327,325,155,202,208,74,72,78,2
UEFA:215,213,132,135,139,25,26,222,0,286,13,123,265,55,290,319,310,192,88,112,81,174,141,3,171,300,304,241,240,242,107,30,35,94,330,64,256,249,185,196,276,315,228,11,14,274,116,70,278,238,230,48,200,148,77,263,261,47,126