100
300
293
254
202
323
308
125
64
51
231
142
220
68
272
34
235
12
186,315
199
305
303
194
80
8
256
137
217
307
229
173,233
101
126
55
59
188
282
196
128
298
43
162
53
277
216
280
294
290
212
316,5
127
22
320
103
241
177
32
327
174
148,326
39
60
191
13,40
112
115
309
285
70,73
49
26
292
182
215
56
291
260
325
250
183,72
225
319
267
132
258
16
322,2
317
61
197
179
193
108
87
169
6
296
120
58
50
145
122
118
46
135
151
257
284
100
262
92
184,156
227,321
89
230,47
261
107
269
14
155,263,41
123
86
214
66
200
248
221
0
109
201
20
124
171,143
180
83
166
110
301
297
106
289
304
136
242
213
207
104
10
268
138
206
203,71
312
114
37
81
23
74
63
154
283
255
28
29
27
313
105
189
288
4
90,1
219
54
247
48
195
314,232
204
9
190
76
245
57
77
243
95
234,279
310
178
42
111
244
19,152
98,274
300
21
287
129
252
161
240
85
67
130
82
175
35
141
210
25
15
170,275
239
218
30
36
172
278
187
140
211
158
165
91
45
119
299
185
273
84
147
276
3
209
228
17,157
318
97
44
144
295
79
102
164
159
116
149
18
181
131
224
205
75
117,78
237
306
33
271
167
11
286
198
226
265
222
264
113
281
139
121
236
302
62
324
99
88
7
249,253,96
259
192
266
168
94
223
38
251
270
176
246
69
93
150
24
160
31
163
133
134
153
146,65,208
52
311,238
AFC:264,218,133,132,225,22,120,125,54,310,191,110,119,84,85,174,231,305,307,244,243,100,106,32,37,60,256,288,180,188,168,315,15,151,153,156,277,36,90,67,323,9,206,208,74,71,79,2,144,47,267
CAF:216,211,137,135,95,21,23,28,222,281,287,122,128,55,52,63,297,294,199,195,271,118,173,260,226,3,7,146,92,302,306,104,38,108,145,70,259,178,253,248,183,316,166,167,12,17,275,62,239,235,280,49,45,87,321,327,202,75,154,78
OFC:217,213,136,24,29,283,286,121,129,58,51,298,292,197,190,89,113,83,308,300,241,102,34,61,64,176,255,272,249,182,187,194,189,317,99,229,162,10,19,314,116,250,234,16,237,43,40,322,5,325,203,209,149,72,261,279,169
CONCACAF:214,210,313,219,130,139,8,227,124,265,127,269,268,56,299,296,295,291,93,318,198,147,112,81,141,171,245,242,105,39,31,65,177,175,251,254,185,181,196,164,165,114,18,274,152,233,224,46,44,324,155,204,77,68,96,326
CONMEBOL:215,134,138,20,223,289,4,284,123,57,50,193,115,88,80,170,301,304,247,109,107,30,94,258,179,186,311,276,98,160,163,11,14,143,159,158,278,238,236,232,320,201,207,148,76,263,266,270,41,1
UEFA:212,131,25,26,27,0,282,285,13,69,91,59,53,293,290,319,312,192,111,82,140,172,309,303,240,103,101,33,35,246,252,257,184,221,97,6,142,228,161,220,66,117,273,150,157,230,48,86,42,200,205,73,262,126