100
300
242
191
214
229,96
333,142
82
198
116
338
161
155
296
58
37
49,1
157
167
76
130
303
236
81
84
117
190
105
259
322
313,174
7
255
334
231
213
12
73
47
140,188
278
302
171,183
274
36
195
83
172,252,16
32
69
254
14,154
298
179
315,228
70
2
60
182
208,144
124
218
44
292
163
251
300
126
269
326
317
327
121
248
57
235
219
181
125
131
250,67
194
45
290
276
46
177
106
61
23
241
331
114
264
312
75
184
291
127
95
306
233
239
201
112
98
205
279
99
77
101
209
222,78
134
178
257
295
260,249
152
323
281
97
328
48
314
216
320
22
74
210
196,150,43
34
93,62
197
92,325
170,186,277
86
263
284
176,202,41
289
138
63,336
141
88
85
109
103
113
148
122
129
18
3
199
68
153
27
120
132
110
164
111
261
293
304
207,71
65,42,204
100
156
13,64,203
244
50
24
89
90
232,280
272
119
311,159,149
21
215
28
173,337,187
35
253,238
51
247
324
221
270
59
5
265
273
286
301
139
226
319
31
145
53
108
282
72,266
318
15
123
10
180
4
224
227,262
54
20
6
33
217
17,321
162
0
136
297
79
102
200
151
26
8
133
30
160
225
185
212
166
189
223
283
146
104
168
29
258
287
245
40
158
230
299
206
271
128
193
169
332
330
39
118
268
135
275
288,237
55
66
192
9
310
19
107
25
80
309
87
294
91
307
220,143
308
305
11
137
175
316
38
240
285
335
56
256
165
243
267
115
211
234
329
94
246
147
52
AFC:216,211,133,132,281,124,57,53,63,292,192,271,84,260,141,172,146,92,300,305,245,109,39,32,108,335,258,179,189,221,142,163,12,18,117,274,151,159,67,232,224,86,320,327,200,203,207,208,77,71,2,47,267
CAF:212,136,27,22,223,285,122,268,58,52,290,199,310,191,193,112,82,140,304,240,106,33,31,334,336,259,65,176,251,272,248,181,97,316,165,11,15,143,314,235,280,45,87,204,149,74,41,1,326,126,169
OFC:214,139,138,24,20,284,123,125,269,328,59,50,291,93,198,190,115,110,80,226,301,307,107,35,145,337,331,61,178,254,255,249,180,184,311,317,99,168,161,220,275,153,250,158,70,278,90,239,230,43,5,155,206,148,263
CONCACAF:213,131,137,95,26,21,28,283,120,265,128,55,51,298,299,294,312,88,113,81,174,173,3,308,244,241,100,104,252,330,256,182,187,196,276,228,164,10,17,150,157,62,36,234,237,48,46,40,321,324,9,76,75,68,154
CONMEBOL:210,264,218,219,130,135,25,4,8,282,227,13,121,127,69,54,296,295,318,197,89,111,85,231,170,309,302,243,102,105,30,37,246,94,332,64,177,185,194,188,98,229,166,114,273,152,116,156,277,238,16,49,44,323,201,73,78,144
UEFA:217,215,313,134,225,23,29,222,289,0,287,286,129,91,56,297,293,319,147,195,83,119,118,171,7,303,306,247,242,103,101,38,34,338,333,60,175,257,288,253,183,186,6,315,167,160,162,14,66,19,236,233,42,322,325,329,202,205,209,72,96,79,262,261,266,270,279