100
300
95
93
237
36
252
115,110
196
184
303
315
163
28
206
325
201,288,43
194
38
154
140
297
322,112
339
284
11
175
35
213
84
85
195
294
218
273
329
139
336
136
304
123
173
317
191
235
261
148
274
108
71,120
151
58
301
160
270
162
211,269
212
26
88
107
283,111
229
62
330
226
193
37
254
1
296
48
185
276
189
14
141
265,113,223
126,318
54
345
202,264,305
248
94
65,256
169
171
203
116
97
82
243
344
57
32
170
234
255,119
197
320,166
217
326,9
328
253
152
227
8,312
105
187
78,161,5
295
200
263,52
224
342
198
7
144
117
45
87
142
205,266,150
220
146
186
124,300
285
247
122,127,114
27
31
319
309
314
79
208,121
67,168
44
61
302
340
70
81
130
138
63,69,221
313,210
346
132
102
214
20
106
72
101
239
60
267
209
241
251
133
100
19
18
262,228
39
76,40
331
192
135
282,306
174
332
34
33
64
316,155
343
149
291
156,47
321
310
299
308
311
180
183
30
129,59,56,53
49
134
179
91
286
334
104
272
281
83
75
232
324
23
233
145
290
293
298
219,118
245
153
259
238
25
341
13,158
250,46
157
4
327
181
159
50
22
29
42,41
125
242
6
289
260
92
279
287
74
222
66
231
17
77
86
275
15,307
2
68
167
249
99
271
51
204,216
147
190
24
278
164
244
16
109
80
143
12
277
131
165
103
199
246
0
182
207
172
176
177
21
137
73
215
338
333
188
10
258,225
323,128
3,280
268
335
257
96
337
178
230
292
90
89
236
55
98
240
AFC:343,298,296,295,290,194,196,192,272,275,334,97,238,144,133,136,24,28,181,81,86,245,178,187,11,13,327,325,206,208,76,70,122,319,3,60,258,65,68,251,168,163,211,281,286,262,56,116,113,303,226,224,151,150,157,48,44
CAF:342,292,291,193,274,277,103,33,37,338,333,0,91,95,235,231,145,149,131,137,134,26,84,7,246,248,176,188,15,324,200,205,79,120,125,127,316,252,61,64,67,69,167,212,219,287,263,269,52,111,253,300,307,225,156,47
OFC:341,294,198,195,273,279,104,32,34,332,96,237,230,147,141,139,27,22,89,87,244,247,179,172,185,10,17,19,62,320,329,203,71,121,126,318,256,166,162,217,213,288,284,264,59,114,309,301,305,154,158,49,42,40
CONCACAF:346,297,293,197,190,270,102,105,39,30,36,335,6,99,98,92,94,236,232,1,146,140,20,82,80,85,243,174,170,180,184,189,14,322,328,202,207,77,72,124,128,313,311,314,66,255,161,215,289,283,266,58,57,119,302,304,229,220,112,5
CONMEBOL:345,340,299,271,278,109,100,106,339,337,330,90,234,233,142,132,135,138,21,29,242,249,175,173,182,2,18,323,201,204,73,78,123,129,317,254,169,164,160,9,216,280,285,265,55,51,259,118,308,228,223,152,83,46,41
UEFA:344,199,191,276,108,101,107,38,31,35,336,331,93,239,143,148,130,25,23,88,241,240,177,171,183,186,12,16,321,326,209,75,74,8,312,310,315,63,250,257,165,214,210,218,4,282,261,260,267,268,54,50,53,115,117,110,306,227,222,221,153,155,159,45,43