100
300
227,181,186
61
218
185
296
234
2
103
304
123
87
143
52
280
215
224
283
195
226
51
182,267
134
111
28
192
83
313
251
287
163
75
203,79
91,77
254
11
269
146
221,270
115
252
237
130
259
138
207
179
160
172
202
272
16
88
319
210
183,209
300
114
309
158
292
107
288,266
105
159
162
263
95,239
307
217
204
18,45
39
256
233,323,154
139
222
92,78
156
89
157
166
55
248
122
94
10
19
50
15
71
200
302
86
132
93,238,279
140
59
109
99
12,41
214
48
47
331
17,49
205
149
241
147
312
73
333
161
282
36
216
297
189,168
326
125
257
120
290
305
194
7
317,96
196,277
29
308
6
27
220
175,169
24
171
299
82
223
255
128
244
31
240
133
165
311
219
327
141
258
145,150
33
245
208
69
276
90
328
85
14,250
152,44
284
298
76
332
167
63
188
53
35
25
118
178
330
199
34
180
174
56
184
62
58
247
129
121
26
170,65,117
126
232
191
148,74
81
285
301
295
151
228,66,153,321
320
274,322
261
253
40,329
131
21
23
104
110
100
314
22
43
303
20
318
206
265
264
124
310
211
291
54
278
243
236,5
106
13,1
242
84
42
177
231
235
112
324
275
0
38
8
260,315
325
80
4
230
286
293
335
273
316
289
98
271
306
213
225
127
9
108
116
262
102
67
229
57
70,72
155
249
101
281
176
173
198
37
46
144
142
187
212
197
97
334
246
190
336
201
136
68
113
119
135
164
3
268
294
30
193
60
32
137,64
AFC:214,212,218,130,137,24,28,289,281,13,122,265,53,52,298,292,190,110,80,140,173,260,172,303,244,240,100,107,32,332,61,178,256,249,185,194,311,221,97,316,10,66,18,36,278,90,232,86,42,322,5,209,73,154,169
CAF:215,211,313,135,25,20,222,285,227,120,127,129,55,299,318,197,191,115,271,89,84,171,170,305,247,241,243,101,30,37,108,334,175,288,186,276,142,14,19,151,250,158,67,233,49,45,327,325,9,204,77,76,96,79,263,1
OFC:264,219,131,95,26,23,223,8,283,286,123,125,128,291,319,199,312,112,81,174,141,146,231,302,109,39,31,252,335,330,60,177,248,183,228,165,162,117,152,156,70,16,46,87,324,206,74,2,270
CONCACAF:133,27,22,4,282,287,121,328,91,54,57,51,295,198,192,88,82,226,7,92,309,301,103,104,33,246,333,258,179,176,251,272,187,6,99,315,167,160,15,114,62,235,237,230,44,40,320,155,200,202,205,148,72,68,144,267
CONMEBOL:216,210,134,21,269,59,56,293,111,83,119,85,3,308,300,307,245,102,105,35,94,65,255,253,180,184,188,196,98,168,163,11,143,314,273,17,275,150,153,159,239,236,224,280,48,323,329,207,71,262,261,47,126
UEFA:217,213,132,136,139,138,225,29,0,284,124,268,69,58,50,63,296,297,294,290,93,147,195,310,193,113,118,304,306,242,106,38,34,145,336,331,259,64,257,254,182,181,189,317,229,164,166,161,220,12,274,116,157,277,238,234,43,321,201,203,208,149,75,78,266,41,279,326