100
300
90
136
16
332
49
69
211
20
281
254
218,43
295
275
33
177
185
200,70,123
310,166
162
65
110
341
172
141
152
18
68
101
158
252
159
26
303
292
143
121,66,210
109
257
85
142
300
168
174
96
47
207
55
339
84
290
140
3
120
204
338
213,54
202
133
236
130
194
198
27
230
261
103
237
50
291
282,116
242
12,286,308
278
137
248
57,153
148
135
260
241
250
277
208,262
165
307
105
8,305
7
227
138
170
61
329
328
115
225
29
269
314
304
11
190
336
319,41
337
118
322,324
188,45
301
98
340
321
157
72
99
223
246
87
113
134
209,77,167
28
83
283
294
15,287
160,155
59
187,46
154
232
219,259
284
195
106
318
145
128,114
239
86
30
117
178
272
212,5
192
312
97
42
215
228
71,150
64,216
183
253
91
258
63,220
296
37
14,214
78,221
189
22
309
80
238
217,266
82
179
247
245
161,58
24
36
149
112
205,169,111
311,255
327
102
144
151
316,256
199
263
229
1
180
52
320
280,224
125
107
240
67
201
164
233
10
74,124
231
274
32
268
4
335
132
317,48
75
330
299
23
326
108
19
39
251,44
234
270
173
313
175
127
265
156
203,129
342
104
264
2
73
325
197
315
122
139
289
285
119
95
35
196
56
0
25
181
222
267
92
79,226
93
89
331
288
184,62
306
53
38
206
31
13,60
323
249
34
191
81
171
243
298
17
9
333
88
176
279
244
334
276
163
51
193
100
147
182
186
6
94
76
21
146
235
302
131
293
126
40
273
271
297
AFC:341,298,294,199,190,193,270,274,276,278,108,103,36,338,96,239,231,140,148,130,134,24,89,82,248,175,180,12,18,325,329,201,128,318,312,316,64,66,257,254,216,210,4,286,263,264,56,119,301,229,221,150,155,157,49,42,43
CAF:299,295,197,191,272,277,107,39,35,337,332,99,93,146,143,137,21,22,244,240,176,183,13,320,204,208,75,72,79,8,121,317,252,65,250,168,163,281,283,268,50,115,113,302,305,226,222,159,47
OFC:297,292,194,192,271,109,102,32,335,333,98,91,238,232,147,142,132,139,27,20,80,84,247,178,174,2,186,14,324,328,205,74,70,123,319,315,63,69,256,165,161,215,213,219,282,284,58,52,114,309,306,224,220,152,44,41,5
CONCACAF:0,342,296,195,275,100,106,104,33,30,336,331,90,94,141,149,131,135,138,28,181,85,245,241,179,173,171,188,15,16,323,326,202,77,73,78,120,127,313,68,251,255,169,9,211,288,280,261,265,269,59,53,259,308,228,156,158,48,40
CONMEBOL:340,293,198,273,279,101,38,31,37,330,92,97,235,230,233,1,144,133,26,23,86,7,242,249,185,189,11,17,62,322,206,209,76,124,125,311,314,60,258,164,167,162,217,287,262,266,55,54,117,110,253,303,225,151,154,112,83,45
UEFA:290,291,196,105,34,339,334,6,95,234,236,237,145,136,25,29,88,81,87,246,243,177,172,170,182,187,184,10,19,321,327,200,203,207,71,122,126,129,310,3,61,67,166,160,214,212,218,289,285,260,267,57,51,116,111,118,300,304,307,227,223,153,46