100
300
61
150
81
33
22
318
17,208
67
180
273
220,234
55
19,143
175
247
50
106
283
113
109
249
225
257
127
78,326
321
266,1
64
38
267
310
24
151
75
112
13,154
182
118
63
305
104
157
213
3
37
138
215
238
160
30
275
244
79
293
282
130
214
250
279
15
85
98,74
286
222
323
171
12,40
54
289
163
173
268
86
255
183
191
123
228,41
263
99
103
6
49
192
53
189
313
59
295
158
223
304
177
209
167
142
87
57
252
272
324
287
136
56
206
26
135
302
185,48
197
117
288
320
241
201
164
152
221
236
121
91,77
128
216
94,314,280
261
303
259
31
93
231
111
146,229
69
284
240
298
309
292
193
168,73
102
296
219
25
194
20
148
211
110
317
322
16,9
306
11,42
10
23
169
181
43
82
153
36
45
165
235
170
88
155
226
120
300
52
233
190
256
242
186
18,156
253
8
260
299
21
129
35
207
243
301
217
139
290
203
62
122
80
65
34
27
96
114
116
68
308
124
28
14,47
2
100
264
137
125
66
294
325
178
232
71
29
237
166
5
162
311
210
291
44
271
105
141,92,230
72
285
195
227
131
70,224
198
161
51
76
90
315
133
83
149,262
245
176
95,184
89
269
316
101
205
196,239
276,159
172
115
119
4
46
258
7
251
0
212
58
199
248
278
312
254
281
132
204
39
188
144
179
134
60
270
32
265
218
307
108
145
200
297
84
174
147,327
319
126
97,202
277
140
246
107
274
187
AFC:214,218,131,138,25,223,281,286,122,127,69,58,299,294,312,191,190,111,83,118,304,243,242,103,34,70,177,257,272,183,186,317,229,167,161,11,15,66,19,274,151,250,159,277,90,234,49,43,323,201,206,149,96,78,261,1
CAF:217,213,137,24,4,284,227,128,269,53,52,291,195,115,80,260,170,308,300,241,104,31,246,252,176,181,184,311,97,142,162,117,273,67,237,233,224,46,86,45,42,40,200,207,148,72,154,262,279,326
OFC:215,264,219,132,136,26,22,222,287,268,56,298,290,93,199,112,81,141,172,146,301,307,247,101,105,38,33,35,94,258,178,256,255,185,194,188,315,166,163,116,156,62,235,16,48,87,322,5,9,155,204,209,71,68
CONCACAF:216,95,139,225,21,28,0,8,282,120,124,129,57,296,297,295,292,318,197,310,193,271,119,84,173,7,92,302,306,245,100,39,32,108,145,60,259,65,288,253,182,99,164,12,114,17,275,153,158,278,230,44,325,202,208,76,73,266,47,169
CONMEBOL:212,210,130,135,134,20,29,285,123,125,265,91,54,51,63,293,319,198,147,192,113,174,140,226,3,171,231,309,303,240,107,37,61,179,254,187,189,6,316,165,14,18,314,152,157,238,324,203,75,79,41,267
UEFA:211,313,133,27,23,289,283,13,121,59,55,50,88,89,110,82,85,305,244,109,102,106,30,64,175,251,249,248,180,196,221,276,98,168,228,160,10,220,143,150,36,239,236,232,280,320,321,327,205,77,74,2,263,144,270,126