100
300
261
131
7
224
53
80
140
146
276
81
136
160
218
69
19
97,48
198
109
306
156,1
52
63
72
273
247
40,73
168
18
308
240
260
211
61
226
28
2
23
237
161
166
27
8
301
229
158
307
272
78
139
239
169
68
206
270
297
128
267
203
232,148
65
162
221
0
94
185
79,279
49
15,250
288
286
176
145
212
298
163
51
42
184
100
89
242
17
149
47
195
11
25
159
31
112
82
245
188
46,266
125
38
235
283
303
182
201
77
103
302
39
217
4
86
59
271
299
93
5
294
200
257
121
171
259
246
62
258
285
296
75,144
111
119
3
83
102
105
197
231,189,280,202
284
13
241
300
64
84
137
216
114
37
88
277
142
110
236
35
34
290
262
190
309
282
117
170
130
192
135
36
209
60
251
265
167
138
141
252
43
181
127
85
228
132
134
248
215
29
71
99
133
213
269
173
120
268
6
281
291
207
129
150
191
76
174
233
263
199
30
249
24
104
256
177
204
154
153
234
230
106
96
180
98
305
90
55
222
220
56
20
124
157
254
91
41
126
165
22
310
311
21
304
223
274
70
293
123
289
54
26
57
14
183
164
32
152
87
186
116
264
74
208
118
172
147
67
292
113
151,155
9
194
175
92
10
122
227
244
12
193
179
205
178
295
115
287
66
107
214
278
253
45
255
33
219
143
101
50
187
95
210
243
58
238
44
196
225
16
275
108
AFC:216,215,264,130,27,29,283,121,59,298,297,93,195,271,88,83,81,140,173,300,301,306,109,241,102,60,177,288,186,6,165,15,117,275,250,158,36,67,230,233,224,280,42,201,205,148,2,260,47,267
CAF:214,136,22,28,286,124,129,56,51,299,292,198,194,193,111,80,119,85,3,92,308,302,245,244,101,107,30,34,94,259,179,253,181,221,185,168,228,163,10,151,156,159,90,232,49,203,68,261,41
OFC:212,218,131,134,95,139,24,21,222,281,282,123,265,268,55,50,63,294,291,147,192,115,113,82,170,247,104,32,145,258,176,254,272,182,311,166,11,66,152,277,238,235,16,48,86,43,1,200,207,72,154,78,126
CONCACAF:217,213,219,133,135,25,20,23,0,8,287,227,122,54,296,197,191,89,110,141,171,146,305,307,100,106,38,246,65,178,257,184,276,229,164,12,273,17,62,278,239,234,46,44,155,202,206,96,79,263,144
CONMEBOL:211,132,137,223,289,13,125,91,58,52,295,199,190,112,226,172,7,231,309,303,243,105,33,35,252,70,61,256,249,183,180,188,196,97,99,167,162,114,19,143,274,150,153,237,236,40,5,204,208,77,73,262,270,266
UEFA:210,138,225,26,4,285,284,120,127,128,269,69,57,53,293,290,310,118,84,174,304,240,242,103,39,31,37,108,64,175,251,255,248,187,189,142,98,169,160,161,220,14,18,116,157,45,87,9,209,149,76,75,74,71,279