100
300
247
327
341
211,269
186
31
136
175
93
44
329
185
81
238
29
23
69,119
58
83
331
181
12
208
18
279
163,150
46
198
116
234
339
294
168
239
92
292
325,110
249
122
306
194
134
275
149
82
300
342
233
100
87
172
222
178
151
334
182
2,316
206
299
263
34
166
295
273
340
251
13
71
90
126,159
101
16,111
73,78,307
311
183
144
37
332
202
338
133
315
322,288
236
274
240
312
28
217
204
141
218
281
131
264
38
33
215
17
20
280
308
147
3
157
252,260
14,164,51
146
219
276
232
165,301
310,50,114
27
242
314,256
123
200,52
196
224
267,225
127
26
287
191
1
296
235
278
272
48
39
80
62,214
170
221
160
36
53
104
189
89
132
42
176
22
135
24
231
291
283,229
30
96
109
207,68,261
286
138
54
246
192
328
128
148
99
213
139
297
108
57
318
298
64
125
290
7
158
220,47
94
293
70,223
248
43
161,9
72,155
124,309,45
317
154
303
262,59
95
129
21
0
98
88
41
335
60
336
145
230
4,117
243
203,266
120,212
105
228
140
169
91
244
84
177
237
142
115
77,61
193
245
190
156
97
67
258
174
162,285
130
270
6
284,113
143
86
187
55
79,227
112
25
320,66
209,152
106
257
289
337
282
10
254
323
15
253
118
103
324
333
326
319
32
226
102
153
343
304
305
8
184
268
277
40
137
199
173
205,49
197
19
63
250,265
195
171
313
302
259
5
65
201
188
179
241
271
330
74
180
76
35
75
121,255,167
11
210
216
85
107
321,56
AFC:295,194,196,190,278,109,100,105,39,33,31,35,338,330,91,97,236,230,142,140,132,136,25,81,247,241,178,175,186,11,324,206,208,75,72,127,312,252,66,216,4,285,266,55,57,113,300,303,306,226,222,220,152,49,43
CAF:0,340,299,293,199,271,272,277,101,335,95,239,233,149,134,139,21,87,84,243,174,180,189,13,19,322,326,329,205,78,124,319,311,63,67,251,168,164,161,9,214,213,219,283,284,263,261,58,52,259,116,111,118,309,221,156,47,42,40
OFC:292,291,191,193,274,108,102,106,32,36,336,331,238,237,144,141,131,26,29,80,86,7,245,249,173,2,184,16,18,320,200,202,76,73,70,120,122,129,314,169,165,212,280,286,260,264,269,51,117,305,227,224,153,159,46
CONCACAF:342,297,197,192,270,273,107,339,334,332,98,90,94,234,232,143,133,137,27,23,89,85,246,176,172,170,182,10,323,74,121,125,317,316,3,61,64,69,257,166,160,210,218,289,267,56,114,253,301,307,223,150,158,45,41
CONMEBOL:341,298,294,290,198,276,104,30,37,337,93,96,235,231,1,145,148,130,138,24,88,82,181,244,242,179,171,185,188,15,325,328,204,207,209,79,8,123,128,318,310,258,65,256,254,162,288,281,262,268,59,53,115,229,228,155,48
UEFA:343,296,195,275,279,103,38,34,333,6,99,92,146,147,135,20,22,28,240,248,177,183,187,12,14,17,62,321,327,201,203,77,71,126,313,315,60,68,250,255,167,163,217,215,211,282,287,265,54,50,110,119,308,302,304,225,151,154,157,112,83,44,5