100
300
106
170,272
85
0
91,1
64
257
312
132
220,19,270
157
255
67
166
163
199
237
259
140
233
210
317
162
296
189,266
181,276
147
208
306
59
203
4
109
8
101
167
143
112
107
12
267
136
164
124
246
230
111
55
152,48
194
217
244
32
252
221
115
33
174
201
80
42,321
287
322
284
138
273
137
87
282
104
310
35
66
184,228,262
3
114
2
222
215
84
279
117
183
26
278,324
51
121
65
79
21
298
323
43
156
119
226
41
304
297
27
236
56
249,44
116
40,144
213
241
45
176
248,98,204
30
49
129
299
288,263
96
258
90
23
177
89
71
37
247
182,314
38
216
20
126
219
158,329
130
93
50
34
268
159,74
200
330
320
95
256
81
186,11
196
285
211
207,149
141
171,75
127
187
292
83
18,9
123
242
15
54
31
62
295
53
39
60
315,148
10
229
52
265
68
125
173
253
69
290
28
16
260
25
308
209
206
232
151
327
58
146
291
214
97
239
61
231
192
283
319
63
191
325
155
77
313,13
251
168
122
145,316
86
294
218
131
178
254
78
274,17,326
73
293
118
311
160
139
223
133
175
169
72
179
99
188
264
275
250
235
76
120
100
245
154
318
108
5
88
302
243
57
307
271
286
113
224
153
193
190
70
303
142
105
29
328,92
202
150
7
110
301
46
94
128
212
185
103
305
36
240
165
6
172
198
269
300
227
289
225
280
234
180
135
205
161
134
261,47
22
197
14
82
277,238
195
281
102
24
309
AFC:210,264,219,138,22,8,287,122,128,269,58,52,299,293,93,319,197,260,3,231,307,244,109,103,100,104,32,35,183,187,194,162,163,14,66,275,153,116,90,237,280,40,329,203,72,71,79,78,262,47
CAF:216,133,132,95,21,223,28,285,124,328,54,57,295,195,312,82,118,140,226,172,303,304,247,241,39,145,70,259,178,272,182,196,221,276,165,160,11,114,17,49,86,45,321,5,155,202,206,208,148,74,2,266
OFC:215,212,135,25,29,222,4,282,227,13,120,123,129,91,55,298,296,198,147,191,271,112,83,174,309,101,105,38,34,60,65,177,257,255,288,248,180,188,97,316,168,228,15,143,314,152,159,277,236,48,322,325,9,204,261,1,169
CONCACAF:211,131,136,139,24,289,286,125,69,53,63,294,199,192,115,111,81,7,146,92,170,302,306,245,242,102,107,33,30,37,64,175,251,254,181,311,99,166,18,117,273,157,62,239,230,233,224,46,42,87,320,327,205,76,154,267
CONMEBOL:313,134,26,20,281,283,121,265,268,59,51,50,297,193,88,110,80,173,141,308,300,243,176,256,249,253,184,189,317,164,161,10,220,274,156,36,278,238,234,16,232,43,323,201,207,209,149,75,73,68,96,263,144,326,126
UEFA:217,214,213,218,130,137,225,27,23,0,284,127,56,292,290,291,318,310,190,89,113,119,84,85,171,301,305,240,106,31,108,246,94,252,330,61,258,179,185,186,6,142,98,315,229,167,12,19,151,150,250,158,67,235,44,324,200,77,270,41,279