100
300
198
18,287
203
342
313
281
232
107
29
125
224
94
138
32
188,50
243,323
77
91
6
222
161
303,159,49
87
331
339
30
321
39
299
44
143
289,309
315
63
295
286
122,9
137
210
117,225
112
31
202
68,46
298
240
13,317
280
311
81
174,301
191
84
334
271
158
109
24
215
80
65,211
43
291
86
208,70,78
247
183
332
288,116
121
349
140
265,47
155
304
134
85
181
312,352,4
21
269,114
27
262
89
61
168,217
14
149
64
108
204,8,307
93
219
322
296
290
292
20
180
294
169
176,56
227,41
34
48
200,212
139
111
96
157
343
293
201
16
101
54
338
333
51
52
72
249
337
97
193
282
73
45
221
99
69,165
283
195
154
306
199
244
184
150
273
129
258,284
325
136
209,259
300
235
272
178
241
5
123,268
314
336
1
36
320
102
26
197
163
250
231
344
113
59
297
330
110,228
132
257,302
277
142
131
127
15
253,226
74
351
98
92
88
213
340
118
141
251
79
58
335
106
76,66
25
254,266
205,119
153
22
350
196
236
206
233
242,67
347
130
179,326
278
345
328
229
28
267
0
187,126
83
128,252,285,151
275
194
305
177
274
38
53
105
189,220
276
230
170
35
103
95
23
256
173,185
319
156
260
82
3,255
12
135
239
175
167
57
90
279
10,160
100
133
238
263,152
341
37
261
190
308
120
234
182
146
310
353
172
148
324
33
316
216
2,40
145
55
164
329
245
42
7
71
124,162
186
147
346
62
218
214,264
171
115
104
17
246
248,207
11,75
19,327,60,166
318
270
223
192
144
348
237
AFC:345,342,349,293,192,274,279,104,31,36,335,0,6,93,232,144,135,134,139,24,86,7,240,177,175,180,188,13,18,327,200,204,208,77,127,312,317,66,169,160,353,288,282,260,267,55,114,253,119,308,302,225,220,153,49,42
CAF:343,298,294,193,277,108,101,34,337,332,95,233,142,149,132,138,21,22,89,85,247,241,243,172,170,183,187,185,14,62,325,201,203,75,71,123,126,251,164,351,215,4,285,264,269,59,52,259,113,307,229,226,157,48,43,40
OFC:348,195,197,275,103,39,32,338,334,92,234,143,137,27,20,29,88,84,244,173,184,189,17,324,73,128,129,311,316,252,61,256,166,163,9,350,214,210,219,284,262,266,57,115,118,303,306,228,227,151,156,46
CONCACAF:347,297,194,270,278,106,105,38,30,339,330,99,91,235,141,131,23,82,87,246,249,176,2,15,19,320,326,202,209,78,120,318,313,258,64,65,162,217,211,287,286,263,56,51,116,300,305,223,152,159,112,44,5
CONMEBOL:344,341,295,291,199,191,271,273,109,100,37,35,333,94,238,237,231,145,133,26,28,181,81,245,242,178,174,171,10,16,321,328,205,207,76,70,79,122,124,125,319,310,314,60,68,257,254,165,167,216,218,289,283,265,58,53,110,301,222,150,155,154,47
UEFA:346,340,299,296,292,290,198,196,190,272,276,102,107,33,336,331,98,90,97,96,239,236,230,1,146,147,140,148,130,136,25,80,248,179,182,186,11,12,322,323,329,206,74,72,8,121,315,3,63,67,69,250,255,168,161,352,212,213,281,280,261,268,54,50,117,111,309,304,224,221,158,83,45,41