100
300
116
251
213
246
131
196
298
305
120
119
10
186
179
178
302
207
164
69
24
198
283
169
91
185
276
20
304
30
151
46
217
294
221
21
33
153
112
34
99
243
122
143
200
73
37
102
146
63
218
174
247
220
7
111
281
176
80
241
9
166
150
23
156
286
15
93
307
140
303
206
199
230
90
297
70,209
242
155
39
109
310
0
133
236
67
187
81
239
88
29
291
232
260
113
278
117
227
62
248
76
250
188
254
203
149
208
54
265
201
293
31
299
57
252
47
233
300
191
182
282
257
124
183
127
244
98
177
235
134
258
289
43
292
172
17
270
125
77
8
126
19
138
170
128
211
193
61
97
253
141
94
22
184
123
238
272
240
259
51
145
101
301
32
13
60
147
65
152,280,42,267
45
64
25
271
197
3
66
56
266
194
106
263
180
255
222
139
148
121
168
167
105
84
6
277
83
231
136
237
288
108
40
223
279
181
72
87
114
205
261
245
226
26
173
16
216
212
306
115
129
274
75
68
287
35
262
195
273
163
38
192
12
161
158,79
2
27
165
103
137
204
11
171
225
59
269
82
107
214
290
36
89
96
49,71,41
4
132
78
85
144
224
189
249,234,44
100
5
202
95
175
74
118
210
190
264
53
219
48
295
14
229
309
28
215
104
296
55
284
285
159
58
18
52
160
142,157,154
86
135
275
308
110
268
50
1
256
92
228
130
162
AFC:217,213,131,137,139,24,20,0,286,13,120,121,269,55,54,296,198,193,115,112,173,309,305,244,247,100,38,31,37,94,255,181,276,166,11,220,66,156,239,232,42,5,149,73,71,261,126,266
CAF:214,264,136,134,23,289,8,284,123,125,58,299,294,199,197,119,141,172,146,231,92,170,307,109,106,104,39,33,34,61,65,176,256,257,248,183,180,6,188,189,98,165,161,12,274,238,235,224,48,49,87,155,205,207,209,78,2,279,267
OFC:216,132,130,135,95,225,25,287,122,91,59,57,52,298,292,147,310,88,111,85,171,306,243,102,107,32,64,179,178,254,249,187,196,229,164,15,18,117,150,153,278,90,237,233,46,1,9,208,77,263,144,270,41,260
CONCACAF:211,219,22,223,28,127,69,53,295,192,271,113,118,140,3,308,242,103,246,60,258,177,251,288,185,142,169,162,157,36,16,230,236,280,86,43,201,202,148,75
CONMEBOL:212,218,133,138,26,21,283,282,128,51,63,293,290,195,190,89,110,82,84,226,7,300,301,303,245,240,30,35,145,70,272,253,99,228,167,160,14,273,151,250,158,277,44,203,206,76,68,154,96,79,262,47
UEFA:215,210,27,29,222,4,281,285,227,124,265,129,268,56,50,297,291,93,194,191,83,80,81,174,302,304,241,101,105,108,252,259,175,182,186,184,221,97,168,163,10,114,19,143,17,275,152,116,159,62,67,234,45,40,200,204,74,72