100
300
248
297
97,320,208
109
265
182
175
167
211
183
321,47
227
148
114
314
133
147
72
125
177
28
34
287
291
318
161
69
126
194
54
269
229
137
91,279
134
293
140
159
245
96
308
27
78
152,280
13
130
95
271
243
156
93
23
46
18
294
176
189
166
20
143,236
101
122
168
154,262
66
39
276,42
146
36
273
85
241
71
26
61
29
80
124
10
87
199
224
74
246
230
252
257
249
5
250,157,90
58
145
185
139
218
24
228
121
50
17
141,278
56
255
55
7
155
173
212
198
98,14,238
113
233
310
260
162
170
197
313
244
135
242
16,204
73
128
37
253
12
178
9
195
120
268
181
84
64
48
295
319
292
307
88
129
165
272
317
43
299
215
222
99
202
68
298
57
281
169
316
214
191
119
301
35
76
266
275,75
184
41
216
232
264
105
203
190
106
163
158
209
251
205
315
179
186
231,150
151,153
115
237
104
258
256
123
111
235
63
136
116
138
286
302
210
92
263
284
312
267
22
2
60
200
226
102
221
11
131
110
53
103
30
220
261
304
239
234
240
225
4
33
67
6
100
219
81
19
38
282
187
112
8
311
83
15,274
31
160
303
70,40,144
180
107
259
192
283
306
300
132
164
52
254
193
82
62
3
270
142,77
206
59
51
217
290
196
1
149
285
89
32
117
247
108
0
118
65
25
305
309
201
213
172
127
94
174
288
21
49
86
44,207
171
223
289
45
188
296
79
277
AFC:218,130,138,24,4,281,284,120,54,50,297,290,199,147,115,89,113,226,170,309,303,241,106,32,31,70,61,255,272,249,181,186,189,98,315,233,42,5,155,201,209,76,75,260,267
CAF:212,264,133,225,25,21,222,8,285,121,127,58,51,63,295,292,319,198,312,112,81,119,85,174,172,231,92,301,307,245,244,103,35,94,251,254,183,97,228,160,12,66,18,275,151,90,235,280,44,40,203,208,2,144,266
OFC:215,211,131,135,28,286,13,125,128,91,52,296,93,195,192,118,173,3,308,306,109,102,101,38,37,179,256,184,221,276,142,166,167,11,314,152,239,16,230,236,48,86,45,321,9,205,72,79,262,279
CONCACAF:217,210,136,139,20,29,283,227,123,265,268,56,53,294,191,271,111,82,84,7,302,243,104,39,33,30,145,246,60,258,64,178,175,185,311,196,317,99,168,165,14,150,250,157,277,67,234,43,87,202,74,68,47
CONMEBOL:213,137,27,22,223,287,124,129,269,298,291,318,310,190,88,80,141,171,146,305,247,242,100,105,108,176,257,253,180,187,194,6,161,163,19,117,274,17,159,62,36,278,237,224,49,1,200,206,149,71,154,78,261,270,41
UEFA:216,214,313,219,132,134,95,26,23,289,0,282,122,69,59,55,57,299,293,197,193,110,83,140,300,304,240,107,34,252,259,65,177,288,248,182,188,316,229,164,162,10,220,15,114,143,273,153,116,156,158,238,232,46,320,204,207,148,77,73,96,263,126,169