100
300
3
40
306
118
121
126
105
26
113
279
139
321
183
99
132
77
213
57
317
106
238
76
41
13
112
101
55
254
65
1
167
177
8
187,203
133
64
0
48
196
93
12,324,209
219
7
5
274
152
287
35
115
171,168
134
94,277
233,68
149
252,261
176
31
259
314
59
222,72
141
135
131
197
225
244
61
33
63
294
188
174
22
32
280
311
45
16
189
237
92
98
166
190
312
109
182
156
285
239
155
148
17
297
24
127
226
236
270
269
289
320
54
147,325,208
172
4
117
25
97
295
180
81
128
110
319
136
69
212
10
291
307
95
104
216
300
223
36
11
153
179
38
202
250,2
82
234,263
138
89
70
278
251
215
318
217
43
103
79
165
271
192
84
90
194
160
119
27
224
161
210
151
14
46
62
284
129
56
124
71
143
73
145,175,272
53
52
83
6,220,267
29
316
290
315
100
86
185
231
322
122
163
137
256
186
198
154
88
264
60,204
293
299
227,169
302
283
96
245
282,91
308
23
286
313
281
199
102
273
193
21
268
253
241
173
159
230
116,74
326
111
211
207
242
107
255
201
178
19
39
200
181,228
229
58
87
108
67,75,144
164
80
246
123
243
162
248
240
303
298
66
288
260
85
206
42
28
296
170
235
301
47
191
262
249,150
257
78
130
120
37
214
292
50
114
158
276
49
218
247
309
44
232,205
221
15
310
305
18
34
146
125
304
142
157
184,323
195
30
51
258
266
20
265
275
140,9
AFC:212,218,131,138,22,23,285,125,91,56,63,295,198,88,111,118,85,260,226,172,308,304,242,103,32,30,177,253,187,184,188,189,221,317,168,11,19,275,156,235,16,230,280,48,44,40,325,202,149,74,71,79,144,266,1
CAF:214,313,264,132,139,225,25,222,289,284,121,128,269,69,50,53,299,292,197,83,81,119,174,173,3,303,244,243,100,107,33,94,252,182,180,316,315,165,160,163,14,277,36,90,43,322,323,9,205,209,148,72,154,47
OFC:217,219,135,28,282,287,13,120,122,127,58,52,297,294,147,193,141,170,302,241,104,31,37,108,60,259,178,251,185,311,97,228,162,220,66,143,314,152,250,159,158,278,67,236,233,49,46,42,5,203,76,75,96,263,270,326
CONCACAF:215,210,134,95,24,223,8,283,286,123,265,54,293,318,199,310,192,115,271,89,80,84,171,305,109,240,101,38,34,65,176,256,248,196,276,142,229,10,18,117,17,153,62,234,45,320,200,204,73,2,41,267,126,169
CONMEBOL:216,137,136,27,21,281,124,57,298,290,291,319,195,190,110,113,7,146,231,92,309,306,102,35,145,246,61,258,255,249,181,186,6,98,167,161,12,274,150,239,232,224,86,321,155,201,206,208,68,78,262
UEFA:213,211,133,130,26,20,29,0,4,227,129,268,59,55,51,296,93,312,191,112,82,140,300,301,307,245,247,106,105,39,70,64,179,175,257,254,272,288,183,194,99,164,166,15,114,273,151,116,157,238,237,87,324,207,77,261,279