100
300
66
184
60
282
260
194
140
55
223
188
69
44
151
272
219
128
159,71
295
142,153
114
84
291
134
31
57
77
43
83
190
123
91
132
248
64
183
139
287
257
112
36
189
1
170
37
76
305
41
98
289
49
34
185
12
179
8
7
254
209,73
298
172
245
238
237
143
148
24
286
270
40
273
33
236
199
195
9
4
167
17
243
152
206
46
307
130
119
138
22
205
198
283
173
255
181
306
102
94
271
203
174
213
38
176
115
264
121
200
201
13
26
21
104
53
226
277
276
74
16
158
285
178
165
2
35
284
133
137
212
300
267
225
241
78
274
45
50
304
10
56
15
3
299
269
146
214
279
97
202
23
89
126
162
296
224
253
65
52
131
210
80
232,261
280
161
216
68
70
240
281
247
303
42
251
29
230
117
19
18
288
227,239,47
231
111
166
106
228
191
39
163
297
182
58
156
169
30
59
100
62
25
110
82
136
256
218
301
61
95
211
157
187
259
180
20
164
196
108
193
0
87
234
90
120
122
222
141
5
160
197
118
217
250
192
207
278
262
92
6
147
11
244
149
28
107
103
54
242
233
135
81
144
215
252
263
235,48
51
275,266
113
86
204
268
32
265
85
14
293
258
109
292
155
171
116
127
175
72
246
67
294
221
145
63
88
79
99
75
101
124
105
27
177
150
208
220
290
129
249
154
168
229
186
302
125
93
96
AFC:213,264,134,95,20,22,28,284,286,129,58,299,297,293,198,192,89,84,141,7,170,304,244,103,106,107,37,34,70,61,258,179,175,256,249,188,161,10,220,14,117,274,275,153,157,238,279,46,202,209,75,96,126
CAF:214,219,136,135,24,27,285,128,69,56,50,52,290,199,110,119,85,172,301,303,245,240,35,145,64,178,257,253,189,185,142,166,114,151,116,158,16,237,230,224,280,87,1,5,203,207,77,261,267
OFC:216,217,211,130,139,225,281,121,122,125,265,59,63,296,295,147,67,193,112,174,3,109,100,32,30,246,94,255,184,97,167,163,12,18,143,152,250,36,90,239,233,205,208,76,73,154,79,47,266
CONCACAF:212,131,137,29,4,13,120,123,268,91,54,294,93,195,197,271,82,81,173,226,231,300,306,307,243,101,104,38,108,252,251,272,288,180,221,98,165,66,19,156,235,49,43,204,148,74,68,41,260,276
CONMEBOL:215,218,132,138,26,21,289,0,8,282,227,127,269,55,53,291,194,191,190,113,83,118,305,242,102,39,31,259,177,248,182,186,168,229,228,162,17,150,62,278,234,86,44,45,9,155,201,200,206,72,144,262
UEFA:210,133,25,23,223,222,283,287,124,57,51,298,292,115,88,111,80,140,171,146,92,302,247,241,105,33,60,65,176,254,183,181,187,6,196,99,169,164,160,11,15,273,159,277,236,232,48,42,40,149,71,78,2,263,270