100
300
294
248
284
241
15,117
176
76,157
331
355,287
168
239
21
101
24
17
91
232
272
174,229
116
202
12,288
325,250,354
149
238
206
26
87
290
47
336
112
191
353,118
38
107
122,261
204
326
211
181,4
65,50
158
134
352,303
105
86
224
1
212
131
103
199
227
28,51
242
128
34
127
165
100
163
186
62
332
308
170
218
124
132
90
102
143
188
302,228
203
295
166
252,358
177
341
291
94
18
136
88
258
33
104
179
135
52
49
357
96
182
265
19,260
97
25
300
209,214,111
276
141
160,350
172
347
155
83
6
274
235
338
344
71,351
108
142
279
169
13
270
251
95
189,314,286
61,219
41
334
263
130
216
190
180
289
32
60
317,259
280,110
198
215,40
327,53
225
146
234
245
233
236
296
266
257
133
82
345
346
0
192
92
171,222
244
144
246
67,210
80
313,221
309
78,256
306
106
315
147
115
200
75
273
120,43
30
292
339
123,114
328
85
283,269,55
319
324,262
237
5
226
343
8,285
359
173,63
243
267,264
275
183
213
129
194
205,255
240
320
297
312
31
14
16,201,282
81
254,57
54
113
79
322
22
178
187
293
121
301
217
278
337
27
349
93
138
249
164
329
148
299
253,44
193
9,42
175
159
150
84
271
109
7
89
342
99
223
74
318
152
323
11,66,45
37
35
46
335
196
151
277
281
195
230
2
310,316
137
340
333
231
184,185,208,156
10,126,119
73
20
311
29
162,58
268
64
167
98
36
140
3
330
72,356
125
68
139
77,69,307
247
70
56
348
305,220
48
153
298
59
321,154
207,304
145
23
39
197
161
AFC:344,290,198,192,272,273,276,100,106,37,34,338,330,0,90,92,97,233,143,149,131,135,26,22,181,84,246,173,170,185,188,189,11,16,328,201,204,208,74,73,120,125,127,314,66,69,251,163,357,354,218,282,284,263,265,59,306,226,150,153,155,49,46,5
CAF:292,199,190,193,271,103,105,31,36,339,332,235,1,146,141,130,134,24,88,82,81,245,240,174,182,13,17,62,325,206,75,319,313,252,67,166,162,353,359,217,212,4,280,264,55,51,114,110,119,301,307,225,151,158,45
OFC:347,340,296,194,270,275,107,38,30,334,99,93,94,96,236,230,147,140,132,25,23,86,7,247,242,176,180,12,19,321,327,76,315,258,65,257,254,165,160,350,211,219,289,283,261,58,56,116,308,303,224,154,48
CONCACAF:345,341,349,299,297,294,195,274,279,109,102,39,32,331,239,231,148,137,139,20,87,241,249,179,172,186,323,203,202,209,77,71,121,126,129,318,312,63,68,169,9,356,355,214,285,266,268,54,52,259,253,309,304,228,220,156,159,112,44
CONMEBOL:342,348,295,293,197,278,104,335,337,6,98,91,95,237,232,144,27,29,80,243,248,175,187,184,14,18,322,326,200,207,70,79,122,128,310,316,64,256,168,161,352,216,210,287,262,267,269,57,115,117,111,302,305,223,221,83,47,43,41
UEFA:346,343,298,291,196,191,277,108,101,33,35,336,333,238,234,145,142,133,136,138,21,28,89,85,244,178,177,171,183,2,10,15,320,324,329,205,72,78,8,123,124,311,317,3,60,61,250,255,164,167,351,358,215,213,288,281,286,260,50,53,113,118,300,229,227,222,152,157,42,40