100
300
51
337
325
226
118
175
319,267
124,166
200,60
168,222,150
96
284,112
179
39
275
349
287
165
276
34
238
90
293
249
94
302
125
271
17,46
191
38
85
131
73
37
2
95
195
181
27
128
149
133
334
260
30
121
97
210
241
68,282
252
69
178
7
31
330
177
115
53
289
247
143
187,16,208
242
127,224
78,54
202
23
348
213
155,43
22
108
273
336
288
5
58
88
170,322,327
344
132
257
206
186
194
92
331
188,74,129
116
161
235
216
203,76
285
36
169
102
156
272
141
201,262
151
109
86
57,308
29
26
332
253
138
229
320
33
268
239
122
24
197
14
174
82
215
207,304
55
310
114
255
75,218
264
182
340
160
290
18,119
326
299
317
243
294,259
343
42
61
217
70,79,59
49
89
91
254
19
291
64
93
277
198
159
10,120
266
176
32
286
9
50,157
184,126,111
196
323,67,56
237
101
281
220
84
137
99
142
219,306
280,307
335
113
341
145
199
8,40
297
171
104
15
77
236
180
12
71
107
28
312
314
162
158
65,152,47
246
251
298
134
154
164
228
21
48
139
147
87
258
136
301
318,4
248
63,163,45
278
245
13,305
263
300
347
172
211
212
295
103
232
345
1
342
321
20
214
240
313
144
3
209,315
270
100
72,283,153
110,221
189
193
346
192
6
173
0
135
44
316
338
261
83
328,269
223
185
190
309
98
324,41
244
292
52
311
256
350
296
35
81
80
11
130
205
140
333
167
66,117
183,250
279
230
234
123
146
233
265
204
231
274
106
339
25
62,303
329,225
227
105
148
AFC:294,291,194,196,274,277,279,104,36,337,333,233,1,147,142,133,136,20,22,29,89,246,241,242,177,183,180,187,18,324,329,204,208,73,122,128,317,69,255,169,167,162,9,350,213,287,263,266,115,111,309,302,226,224,220,155,158,83,49,41
CAF:346,299,292,197,276,108,102,33,31,336,90,239,231,146,140,132,25,81,87,249,178,176,173,2,184,188,189,12,16,322,320,327,325,201,202,76,70,8,127,312,310,63,256,168,216,212,280,285,264,268,58,56,53,118,301,225,221,152,44
OFC:344,347,297,293,190,271,272,101,105,32,37,35,339,335,330,0,92,95,236,145,143,130,27,82,86,174,11,17,205,209,74,120,126,319,316,252,65,66,250,160,282,284,269,55,50,259,110,305,306,229,228,222,156,159,43
CONCACAF:341,348,296,198,193,103,106,38,34,338,331,332,93,96,237,232,148,131,139,23,28,80,84,175,172,171,182,185,10,15,321,200,203,75,123,124,318,315,3,61,68,251,257,165,210,218,289,283,286,261,265,59,57,52,114,308,304,151,42
CONMEBOL:345,342,295,199,191,275,109,100,39,6,91,238,234,144,149,137,134,24,21,85,247,243,179,170,186,19,62,328,207,77,71,79,125,311,314,161,214,4,281,262,54,51,116,253,119,303,223,153,46
UEFA:340,343,349,298,290,195,192,270,273,278,107,30,334,99,98,94,97,235,230,141,135,138,26,88,181,7,245,244,240,248,13,14,323,326,206,72,78,121,129,313,60,258,64,67,254,164,166,163,217,215,211,219,288,260,267,117,113,300,307,227,150,154,157,112,48,47,45,40,5