100
300
236
178
248,358
34
63
319
11
290
131
240
291
57
333
145
140
65
306
188
97
211,263
84
30
183
243
130
289
27
58
206
235
255
297
241
66,166,213
249,177,111,155
184
321,325,312,3
108
92
350,286,262
146
8,258
369
83
132
6
264
330
302
214
301,156,47
38
338
347
231
170
337
172,310
368,110
157
70
313,60
1
348
315
59
26
191
78
284
75
317
89
29
303
259
148
129
196
173,43
121
224
343
46
54
67
90
141
318,364,254
247
168
25
327,267
28
138
179,353,217
234
22
126
288
194
205,225
294
82
351
109
356,45
193
24
273
164
223
120
292
296
216
202,316
344
72,361
4
174,328,55
87
21
12
99
209
125
334
106
331
280,261,269
218
245
186
81
295
7
144
167
176
142
220
282,40
322,49
229
115
363
10,250
85
33
244
39
152
91
116
139
242
20
14,56
253
198
320,222,5
359
42
169,357
342
367
23
339
76
329
147
293
298
104
64
181
100
197
190
219
35
95
61
13
182,283
215,268
238
285
326,360
230
94
189,314,228
239
163,266
200
137
277
36
135
345
32
80
96
175,355,281,158
74
86
107
122
270
199
151
305
134
336
160,48
341
68
278
52
171
154
15,16,150
118
128
50
79
17
204
271
159
260
346
265
123
304,226
165
93
37
69
332
185,153
307
31
300
162,308
136
287
323,41
9
256
195
272
276
44
114
18,112
232
362
119
73
149
257
221
0
161
352,117
51,309
237
62
101
279
335
207,53,227
133
71
275
340
251,212
103
77
19
203
98
233
299
88
274
208,124,252
143
349
246
324,365
366
102
105
2,201,127,311
192
180,187,210,113
354
AFC:347,342,299,291,197,193,276,100,105,30,339,334,92,236,145,137,135,28,88,81,249,177,173,185,12,18,203,208,75,70,121,128,312,317,368,362,65,69,255,165,353,212,4,262,269,268,59,51,115,253,229,225,153,157,158,40
CAF:344,295,293,290,194,278,108,101,31,338,331,0,235,232,146,140,131,25,87,7,248,174,180,186,188,14,19,323,327,201,76,73,126,314,369,361,63,67,251,256,164,161,9,357,350,214,218,282,263,260,57,53,116,303,224,220,152,155,46,5
OFC:345,341,297,198,271,273,279,32,36,335,99,95,96,230,142,143,148,132,139,24,22,86,247,240,242,175,172,182,189,13,324,200,72,78,123,315,3,363,61,68,166,160,356,215,210,287,261,264,50,110,119,302,307,221,156,112,44,43
CONCACAF:340,343,348,296,292,199,196,191,270,109,104,38,37,332,239,233,144,133,29,89,84,246,178,170,183,10,17,62,325,206,209,77,8,124,311,316,367,365,252,64,257,167,354,351,213,219,281,284,286,267,58,52,113,118,300,306,222,151,159,45
CONMEBOL:346,190,277,103,106,33,35,336,333,90,93,238,234,1,134,138,26,20,82,80,85,245,241,171,184,11,16,320,321,326,202,207,122,127,319,313,360,60,258,254,168,162,355,289,283,265,114,304,305,228,226,150,49,42
UEFA:349,298,294,195,192,272,274,275,102,107,39,34,337,330,6,98,91,94,97,237,231,147,141,149,130,136,27,21,23,181,244,243,179,176,2,187,15,322,328,329,205,204,74,71,79,120,125,129,318,310,366,364,66,250,169,163,352,359,358,216,217,211,288,280,285,266,55,54,56,259,117,111,308,309,301,227,223,154,83,48,47,41