100
300
238
58
207
155
0
5
296
87
78
196
44
173
32
1
256
262
182
176
187
234
232,266
228
63
64
248
311
227
15
37
222
137
269
108
17
205
3
18
48
135
203
285
69
101
246
157,77
8
310
22
195
94
230,233
115
200
237,263
153
229
103
224
102
122
50
307
264
160
9
125
60
138
163
82
287
124
276
305
294
221
171
170
291
145
59
235,47
113
258
151
179
293
146
189
29
126
295
274
70,76
301
239
71
242
259
148
167
111
231
136
57
123
53
127
149
273
85
261
199
303
62
186
132
172
210
313
120
161
181
46,144
281
300
104
6
168
174
147,143
298
10
118
240
299
268
4
247
270
178
292
19,275
236
117
105
43
211
308
217
38
83
283
74
100
252
12
185
134
90
114
25
39
164
190
204
99
80
154
197
241
51
7
159,42
130
255
257
306
169
183
45
41
66
225
121
11
282
304
289
175
192
244
219
288
177
131
81
220
165
52
13
128
194
209
216
2
206
284
198
110
297
119
49
254
97
75,260
93
20
61
16
223
40
35
67
112
141
26
193
96
88
184
271
150
34
31
265
92
23
36
243
91
202
142
302
250
95
280
253
89
251
272,72
65
68
212
218
214
162
106
279
139
166
55
98
24
188
109
133
215
180
312
86
245
309
28
152
84
129
27
277
158
33
290
201
278
30
107
56
156
14,267
116
21
140
249
226
208
213
73,79
54
191
286
AFC:216,135,24,22,223,0,227,13,127,128,269,268,55,294,291,310,193,110,112,80,174,140,7,304,39,30,34,145,246,64,179,256,254,248,186,184,99,168,165,162,15,117,275,158,278,90,239,236,280,42,200,204,209,148,71,96
CAF:212,218,138,20,23,283,286,122,57,52,63,298,293,290,199,195,190,271,111,118,85,92,170,308,303,247,100,101,108,35,178,183,180,311,97,6,142,229,164,66,114,273,152,157,237,232,1,155,74,263,260,47,279
OFC:211,313,130,134,225,25,27,21,281,125,265,91,56,50,292,197,89,113,82,119,146,309,301,242,103,107,61,176,251,257,272,253,187,98,10,220,18,156,36,234,230,46,5,9,206,73,68,79,144
CONCACAF:214,132,136,28,4,8,285,284,69,299,296,198,192,115,88,83,81,173,141,226,305,244,240,106,104,38,94,259,249,182,189,221,167,161,150,153,159,62,277,224,49,45,207,208,76,267,126
CONMEBOL:210,264,219,133,95,139,29,282,123,59,54,297,147,3,171,231,302,306,109,241,243,31,37,65,177,255,288,181,194,228,166,160,11,14,19,274,151,250,67,235,48,86,43,201,205,77,72,261,270
UEFA:217,215,213,131,137,26,222,289,287,120,121,124,129,58,51,53,295,93,312,191,84,172,300,307,245,102,105,33,32,252,70,60,258,175,185,188,196,276,169,163,12,143,17,116,238,16,233,44,40,87,203,202,149,75,154,78,2,262,41,266