100
300
278
149
215,115
44
348
182,206
0
162,303
333
364,258,356
96
235
241,54
13
33
203
161
234
191
120
9,309
139
221
127,315,160
306,157,40
171
188
23
14
140
104
80
286
240,4
198
70
330
147
107
7,69
332
37
184,76
164
35
231
237
64,266
199
66
204
243,327,117
325,46
255,217,285
272
89
187
78,50
355
262
280
124
75,264
248
119
322
313
153
110
94
145
324,128
341
320
91
16
210
194
26
328,121
186
208,317
190
11
227
249
353
134
336
273
214
22
137
142
297
29
257,55
318
53
97
71
92
271
300
176,252
334
32
352,219,48
247,189,310
239
207
254
276
95
177,58
59
269,154
108
36
30
105
12
288
146
232
226
86
136
138
131
45
196
200
270
8
197
158
1
167,265
43
329
123
185,169
114
3
335
338
293
291
38
347
118
360
363
282,111
302
238
156
279
362,163
181,65
168
84
62,129,366
245
17,159
99
106
213
287
289
18,263
220
244,172
148
259
51
122,312
39
100
212
225
242,183,151
339
135
93
34
299
24
83
295
365
298
268,116
42
52
193
209
15
103
63
74
326,368
342
357
27
130
251
77,41
144
82
87
166,155
25
304
346
274
294
60
132
179
292
349
170
233
192
109,49
20
256,228
250
61
88
101
31
90
175
205,283
81
281
296
367
344
125
290
308
6
180,253
85,222
218,284
319
305
152
165
126
261
113
195
10,79,314
345
323,307
57
321
211
56
102
5
19
173,316,350
354
267
351,216,223
73
359
178,224
358,301
112
21
337
340
133
202,369,67
277
230
201
236
143
311
150
28
275
246,68
98
331
174
229
72,361
2,260
141
343
47
AFC:346,348,293,199,195,273,107,39,32,339,332,0,99,93,238,231,142,148,136,24,26,88,241,249,178,186,184,13,19,321,329,76,73,314,367,363,252,67,69,169,165,351,358,216,214,280,261,267,264,58,116,110,119,300,302,220,157,46
CAF:345,347,342,198,191,271,274,279,103,38,30,96,235,1,144,131,137,28,89,82,84,247,176,171,180,189,11,17,62,324,207,206,74,70,120,125,318,313,361,258,68,256,254,168,167,359,288,263,114,117,304,228,223,221,151,47
OFC:340,299,296,292,196,277,102,105,37,335,336,333,6,92,97,237,143,133,132,138,27,20,22,29,181,81,85,248,170,183,187,185,15,323,320,328,201,203,75,121,129,311,369,365,60,65,251,160,162,9,356,353,217,266,268,55,50,53,115,305,229,226,153,155,48,44,5
CONCACAF:344,294,290,193,270,276,108,104,33,34,98,236,232,146,134,139,23,7,245,243,177,173,182,188,14,327,200,202,209,79,78,124,127,319,366,63,164,357,354,212,219,4,284,262,59,57,259,113,253,118,309,301,307,227,152,156,158,83,45,43
CONMEBOL:341,297,190,192,275,101,106,31,35,338,331,90,95,239,230,145,130,135,80,86,242,174,172,12,18,326,204,8,123,128,312,317,316,3,364,360,61,64,250,257,163,355,350,210,211,218,289,283,282,286,269,54,51,111,306,225,150,159,112,42
UEFA:343,349,298,295,291,194,197,272,278,109,100,36,334,337,330,91,94,234,233,147,140,141,149,25,21,87,244,246,240,179,175,2,10,16,322,325,205,208,77,72,71,122,126,310,315,368,362,66,255,166,161,352,215,213,281,285,287,260,265,56,52,308,303,224,222,154,49,40,41