100
300
234
292
272
203
105
293
217
287
64
301
246
164
91
169
106
27
185
87
23
109
113
97
200
17
233
136
66
303
264
259
299
308
226
116,207
232
42
149
188
162
190
1
10
38
168
221
302
3
48
12
47
120
138
151
165
21
300
171
286
11
271
197
50
102
98
206
174
141,235
163
14,76
28
90
179
166
7
16
13
96
184
59
94
288
2
297
20
256
181
127
249,142,277
68
215
100
73
36
33
77
239
123
132
283
9
31
92
209
129
74,267
125
19
278
126
268
63
213
54
152
30
242
46
236
220
85
182
89
273
222
37
227,15
83
55
124
144
25
133
269
247
4
0
230
270
137
202
177
86
112
218
155
44
263
148
196
107
88
304
195
24
45
231
266
282
257
5
281
130
248
245
251
143
210
56
80
154
158
180
49
175
276
265
237
101
131
291
240
279
139
75
275
274
214
243
216
18
52
81
70
118
176
219
194
95
223
238
224
134
212
69
29
284
43
228
146
22
253
99
32
159
71
307
189
193
255
119
183
110
156
201
51
173
61
250
205
294
82
229
305
58
262
62
60
8
115
157
103
192
211
260
290
252
172
244
40
67
26
145
79
65
295
150
111
114
254
309
39
167
170
241
108
153
208
280
199
135
178
258
84
128
6
285
296
198
53
186
225
147
187
160
121
57,261
93
161
35
122
117,41
104
34
72
298
191
289
140
306
204,78
AFC:216,217,136,23,289,282,287,13,123,129,269,50,53,294,93,195,115,112,80,84,226,3,7,247,241,102,37,34,258,64,254,272,180,186,162,158,236,232,44,200,203,73,72,71,154,263,144,270,266
CAF:212,133,25,27,21,223,29,4,285,122,297,290,197,193,110,83,118,174,170,307,242,106,38,35,145,94,252,187,184,97,164,161,10,220,157,62,277,233,46,86,207,149,68,96,261
OFC:213,131,137,95,225,24,26,0,8,286,125,128,268,69,55,52,293,199,89,111,82,85,309,300,304,243,104,39,30,60,253,248,182,188,196,142,229,167,163,14,66,18,117,273,153,238,279,16,49,43,206,208,148,74,79,262,276
CONCACAF:134,138,20,284,124,127,59,56,63,299,295,291,194,113,140,173,141,92,302,305,245,109,240,103,33,178,256,183,189,99,169,228,160,11,274,17,152,116,250,36,230,280,48,45,201,204,209,76,78,260,267
CONMEBOL:211,264,218,130,139,22,28,281,121,54,198,67,192,271,146,301,303,306,105,32,108,65,176,257,288,249,221,185,98,168,166,12,15,150,90,234,237,224,42,40,87,9,205,77,2,47
UEFA:214,215,210,219,132,135,222,283,227,120,265,91,58,57,51,298,296,292,147,191,190,88,81,119,172,171,231,308,244,100,101,107,31,246,70,61,259,179,177,175,251,255,181,6,165,114,19,143,275,151,156,159,278,239,235,1,5,155,202,75,41,126