100
300
45
197
206
122,280
129,69
168
153
80
232
249
247
191
14,76
279
318
47
139
105
174
44
230
271
161,214
334
144
119
172
120
102
167,56
298
62
48
266,223
31
63,229
35
74,212
233
84
270
305
243
59
182
299
177
180
301,41
5
140
311
58
131
0
255
85
219
330
289
165
66,264
3
38
126,61
189
203
335
9
23
110
173
106
103
285
22
287
236
267,51,303
320
312
149
159
328,254
78
272
36
82
291
146
265
178
77,258,211
99
276
130
70,8
16
322,155
101
275
333
83
284
186
314
342
183
293
184
37
241
340
252
40
338
218
148
124
90
156
238
257,309
95
246
30
154
91
205,79
306
94
145
234
7
323,302
240
158
288
111
135
133
18
329
294,326
138
49
253
225
136
11
176
325,71
34
64,55
81
317
166
29
100
313
273
204,250
319
220
332
278
46
283
134
107
261
93
17,128,57
97
28
339
92
141
2
316,43
25
53
15,115
6
221
217
277
24
132
190
175
4
39
181
297
235
121
163
33
216
248
10
263,152
86
88
26
321
244
324,127,162
193
210
179,13
337
290
260
171
282
50
208
27
331
227
169
199
114
274
308
143
269
336
304
73
137
20
245
268
151
116
213
185
242
104
142
224
118
112
226
192
239
188,72
150
170
113
300
1
292,256
147
87
215
195
157
68
123,67
207
164
296
200,251,259
198
209,286
117
96
281
196
237
65
194
98
310
187
327,262
89
109
60
228,222
315,160
32
52
108
341
21
125
75
12
201
295
231
202
54,307
42
19
AFC:341,299,197,192,271,275,279,101,36,34,339,335,331,330,98,96,238,235,145,142,131,27,20,80,247,175,182,189,17,323,324,206,73,8,122,127,313,310,61,258,66,251,162,216,210,289,266,50,53,114,110,307,227,224,150,157,112,5
CAF:297,199,274,278,109,38,334,92,232,147,144,130,25,21,29,82,85,246,243,178,172,2,187,185,10,15,62,325,328,203,204,209,71,123,128,319,317,316,314,65,254,168,164,215,282,287,263,260,269,52,116,113,308,306,225,220,152,158,46,44
OFC:296,293,190,270,277,103,100,106,39,30,337,332,90,94,234,236,146,141,149,134,23,86,244,240,177,170,186,12,321,329,200,74,79,120,129,64,67,166,212,218,4,285,267,265,54,253,118,304,229,154,49
CONCACAF:294,295,196,191,193,273,108,32,35,338,97,231,132,139,138,28,88,242,249,176,183,16,19,322,327,202,208,75,124,311,315,3,63,69,256,169,165,167,160,214,213,211,219,288,262,268,57,119,309,303,222,156,83,45,43
CONMEBOL:340,342,298,292,195,272,276,102,107,33,37,99,93,239,233,143,148,133,136,24,87,248,179,173,184,13,18,320,326,207,72,78,121,126,252,60,68,163,9,217,281,280,284,286,264,55,259,117,111,305,228,223,153,159,48,42
UEFA:0,290,291,198,194,104,105,31,336,333,6,91,95,237,230,1,140,137,135,26,22,89,181,81,84,7,245,241,174,171,180,188,11,14,201,205,77,76,70,125,318,312,250,257,255,161,283,261,59,58,56,51,115,300,301,302,226,221,151,155,47,40,41