100
300
133
245
172
316
214
303
307
110
84
192
255
87
28
147
314,40
153
77
318
311
286
71
244
295
226
20
199
68
102
242
70
206
94,188,148,47
166
141,156
81
149
227
251
211
134
116
6
170
225
301
155
105
174
126
222
66
54
180
235
243
150
32
64
98
323
101
224
252
130
158
193
138
317,238
146,207
217
132
18
283
310
129
274
218
19
114
151
254
203
97
10
140,250
268
154
302
75
131
113
187
144
292
27
58
41
212
249
279
93
79
322
4
13,182,233
99
241
31
121
300
275
194
240
190
143
30
296
263
2
248,209
264
104
59
82
136
16
167
112
216
35
11
205
320
177
24
168,321
308
315
208
221,325
246
200
299
80
273
69
186
270
103
282
269
125
43
213
195
128
313,95
29
305
157
57
173
215
234
289
260
247
12
280
33
137
65
60
285
1
85
145,152
232
231,45
115
3
7
219
120
89
142
202
258
62
290
293
135
88
9
256
189,162
117
83
178
90
326
34
46
257
118
78
175
48,44
253,76
42
109
220
265
139
164
36
50
100
237
160
228
239
21
297
61
38
179
53
288,184,261
223
39
22
276,49
159
183
171
324
124
106
271
277
204,74
23
198
294
298
163
63
51
306
267
108
72
291
165
191
309
17
96
26
176
37
122
127
196
236
284
0
67
86
5
185
92,229,14,262
281
272
91
123
25
197
312
73
111
161
52
55
287
107
15
259
266
210
304
319
201
119
278
169
181,230
56
8
AFC:216,210,133,137,134,95,25,21,223,289,285,287,121,123,265,127,269,91,56,52,298,291,147,195,190,111,174,7,308,306,109,242,103,100,30,70,258,64,251,257,181,311,317,142,14,273,156,277,36,230,236,49,42,5,325,200,209,148,73
CAF:217,214,313,132,286,120,125,69,57,50,63,296,292,290,197,191,89,83,85,146,301,244,241,107,105,39,31,35,179,249,253,183,188,97,316,228,166,162,114,17,237,232,224,280,323,9,202,72,154,78,263,144,1,279
OFC:212,211,264,218,139,225,27,283,122,124,128,268,58,51,299,319,310,88,82,119,260,171,92,305,247,243,102,101,32,145,60,176,175,256,185,196,221,167,161,11,314,150,278,16,233,45,43,40,155,203,207,208,71,79,2,326
CONCACAF:130,136,26,23,222,282,284,13,59,294,198,193,110,80,81,173,141,231,300,304,38,108,34,254,180,186,184,6,168,229,163,19,117,274,151,153,250,159,62,90,239,67,44,321,205,75,96,261,270,47,267
CONMEBOL:213,131,135,20,22,29,4,8,227,55,295,93,318,113,84,140,172,170,309,302,245,37,61,178,255,272,288,248,194,189,276,98,315,165,10,220,143,116,158,238,234,48,87,322,201,204,76,68,262,41
UEFA:215,219,138,24,28,0,281,129,54,53,297,293,199,312,192,115,271,112,118,226,3,303,307,240,106,104,33,246,94,252,259,65,177,182,187,99,164,160,12,15,66,18,275,152,157,235,46,86,320,324,206,149,77,74,266,126,169