100
300
337,320
118
329
219
39
319
292
55
5
57
75
89
21
315
151
35
91
44
204
311
273
62
266
262
180,187
168
59
63,196
112
255
218
221
235
302
306
281
194
94
242
26
49
87
101
189,267
282
333,322
113
198,157
111
83
152
81
296
53
231
248
156
245
86
104
257
137
272,71
142
146
145,336
253
222
265
182
326
82
93,202
17
20
256
161
78
228,159,148
97,6,208
301
85
52
331
206
220
254
114
324
278
289
60
308
216
50
149,2
186
251
241
238
193
128
183
155,73
66,263
234
283
244
338
293
217
247
122
76
174
130
185,184
307
199
205
316
277
115
80
173,327
304
46
8
133
190
58
258
334,229
30
98
268
116
211
188,237
127
43
303
119
92
40
227,96
163
34
246
32
284
290
226
110
299
172
131
274,90
209
261
4
176,280
179
27
165
56
160
25
264
33
84
191
310
121
240
214
195
124
0
313,143,233,48
70
328,288
271
77
249
300
99,203
330
175
297
129
9
102
106
45
215
305
154
69,270
22
321
47
11
295
103
54
41
105
109
100
51
7
250
269
16,224
178
232
135
150
162
197
291
24
123
72
164
212
147,64
177
79
37
166
23
287
312
140
18
31
223
335,325
15
29
200
210
276
42
170
323
107
134
95
181,12,68
1
285
141
10
239
132
252
13,171,332,74
236
225
65
167
294
3
169
14
213
108
117
192
207
317,67
286
139
138
260,314
61
201
279
259
88
158
309
153
19
243
144
126
125
298
120
38
136
318
36
275
230
28
AFC:217,264,134,139,138,20,29,285,127,58,51,52,297,292,93,318,199,195,191,111,113,82,119,85,173,7,308,302,240,35,145,335,334,61,64,178,257,185,248,182,221,99,168,228,160,10,15,314,117,275,156,70,90,239,233,45,40,327,205,76,72,2,270,279
CAF:212,130,136,225,223,284,287,120,125,53,63,293,190,115,110,83,81,140,260,92,300,303,244,243,102,104,32,30,94,336,332,60,179,176,255,272,186,184,311,315,164,19,18,153,116,250,157,277,237,230,46,86,5,202,207,74,79,144,266,41
OFC:215,213,210,137,95,25,27,22,222,0,8,227,123,128,69,55,294,291,271,89,112,118,226,171,231,170,309,304,245,242,100,31,37,108,252,331,256,181,194,196,276,316,220,12,14,151,159,236,280,44,42,320,200,209,149,77,262,326
CONCACAF:211,135,26,23,289,281,121,124,269,57,50,298,296,312,192,3,146,306,101,106,105,38,34,246,337,258,175,253,183,180,187,6,161,11,66,143,278,234,232,49,87,322,324,329,208,73,68,154,78,261,1,126,169
CONMEBOL:216,313,219,132,24,4,282,13,122,265,129,268,328,91,56,295,197,80,84,174,141,301,307,107,39,338,333,65,177,254,288,249,188,98,165,166,114,274,17,152,158,238,67,323,321,9,201,206,148,47
UEFA:214,218,133,131,21,28,283,286,59,54,299,290,319,198,147,310,193,88,172,305,247,109,241,103,33,330,259,251,189,97,317,142,229,167,162,163,273,150,62,36,235,16,224,48,43,325,155,203,204,75,71,96,263,267