100
300
18,70,317
255
44
6
9
33
97
149
144
308,5
134
325,74
34
182
346
306
333
260
291
345
198
263
285
311,220
282
14
172
191
88
83
176
162,222,156
237
238
90
293
1
4,287
214
113
29
248
31
16
147
253
174
117
68,169
121
206
75,256,218
236
309
119
135
199
61
179
323
189
299
116
109
105
122
281
305
80
110
136
177
197
161
81
39
283
318
246
324,125,314,57,226
264
143
165,155
60
240
252
138
23
115
146
275
131
82
111
133
296
130
84
315
319
204
181
322,224
152
190
288,112
92
98
32
46
129
200
139
336
327
193
95
132
294
114
148
19,3
15
201,50
62,159
265
10
69
262
99
284
232
37
268
58
158
230
297
269,259
313
150
347
312
120,42
254,153
267
36
225
337
334
77,8,266
216
101
180
123
186
21
142
233
12
321,126,54
219,304
104
242
279
86
271
167
338
107,227
78
221
249
207
301
93
192
298
277
223
339
244
127
118
241
239
96
328,40
17
310,63
26
124
276
292
257
261
85
35
89
273
234
188
270
79,251
166
300
331
140
208
194
137
170
87
187
164,286,56
215
229
173
154,45
183
171
67
7
108
30
247
72,280,43
245
20
52
205
228
13
76,211
71,49,47
175
53
0
343
235
64
100
103
128,316,41
303
38,250
185
213
25
344
203,151
106
258
55
278
48
326
22
302
332
141
66
272
196
28
94
290
202,212
157
341
342
274
168
59
335
11
145
27
209,163
160
243
73
231
2,65
51
102
295
24
330
195
210
184
289
91
178
217
307
340
329
320
AFC:347,341,290,192,274,278,107,104,38,31,37,335,330,0,6,92,96,234,145,140,131,139,25,181,86,247,242,177,13,17,324,206,77,122,129,319,316,315,61,66,257,255,165,160,214,213,211,284,287,269,54,111,118,303,307,226,222,154,83,44
CAF:346,291,196,191,271,272,277,39,33,30,99,93,238,233,1,142,148,135,26,80,84,246,178,171,183,12,19,325,329,201,204,76,71,8,121,125,128,311,314,258,65,256,164,161,210,282,286,267,264,58,53,115,110,227,151,159,112,48,47
OFC:343,297,292,194,193,276,109,100,101,106,339,333,91,236,237,144,132,137,27,20,29,89,81,7,243,174,182,187,10,323,328,200,207,208,72,70,78,120,126,313,317,63,254,215,219,289,4,281,262,265,51,117,309,302,228,220,158,46
CONCACAF:342,294,198,273,279,103,34,337,90,239,235,146,141,133,24,82,85,244,248,175,172,2,184,189,14,18,322,327,202,74,127,318,310,60,68,251,166,216,218,283,260,55,116,119,304,229,223,152,155,42
CONMEBOL:345,340,298,296,295,199,197,190,270,108,102,105,35,334,331,98,94,231,143,134,138,21,23,88,241,249,179,176,186,15,62,326,203,209,79,124,3,252,69,168,169,163,280,285,261,266,52,114,308,300,305,224,150,157,49,43,40
UEFA:344,299,293,195,275,32,36,338,336,332,95,97,230,232,147,149,130,136,22,28,87,245,240,173,170,180,185,188,11,16,320,321,205,75,73,123,312,64,67,250,167,162,9,217,212,288,263,268,59,57,56,50,259,113,253,301,306,225,221,153,156,45,41,5