100
300
95
155
200
126
284
261
69
163
179
257
282
39
0
263
310
134
56
283
307
62
280
112
223
50
182
224
305
157
144
10,90
118
219
100
107
276
198
57
80
37
133
46
97
254
160
188
34
36
250
285
75
115
210
221
170
166
106
13,204,2
203
195
309
171
205
190
304
256
84
314
294
24
158,71
156
81
244
148
91
86
129
4
122
79
202
18
291
103
213
32
83
177
231,12
25
300
208
225
113
132
109
165
68
311
23
268
264
102
128
266
28
96
77
288
212
119
240
6
8
253
255
130
59
147
318
236
211
252
99,168
150
293
146
88
186,17,278,233
41
87
315
248
33
187
137
303
174
181
287
206
229
316
192
136
302
151
26
281
40
70
265
199
241
234
124
245
76
16
153
194
73
270
142
35
289
117
85
164
30
65
185
66
191
249
29
152,9
127
7
217
58
272
105
15
312
14
215
167
51
19,43
22
154
61
108
259
295
306
120
246
184
48
111
269
141
121
197
313
139
63
273
176
31
242
45,207
173
55
218
169
123
193
52
189
11,238
149
220,267
72
89
1
227
277
279
301
143
260
275
222
47
98,230
101
94,239,5
20
67
271
53
64
27
209
251
296
235
131
74
104
135
214
110
178
44
228
258
38
196
237
92
292
274
54
145
290
308
116
49
180,317
114
60
286
232
93,140
162
243
247
299
159
216
226
172
161
21
3
201
138
125
82
298
175
183
42
78
297
262
AFC:213,133,131,225,22,223,0,283,286,122,50,296,297,292,195,85,173,92,170,308,301,241,103,31,30,108,145,259,179,254,248,183,10,19,314,117,151,158,62,277,278,87,204,209,71,68,154,79,78,41,260
CAF:215,210,313,218,136,24,8,123,129,268,55,57,298,295,198,191,89,81,118,226,172,171,306,105,34,252,70,60,177,288,187,194,311,276,162,14,66,143,17,116,157,36,239,233,49,46,5,202,149,76,262,279
OFC:264,219,130,95,138,28,4,282,287,120,124,269,91,53,291,312,192,80,140,146,302,244,109,242,39,32,37,94,64,176,185,253,182,316,165,167,11,220,15,18,274,153,156,67,237,230,43,201,200,203,206,73,270
CONCACAF:211,134,25,26,281,13,265,69,59,52,299,294,147,190,112,82,309,305,240,100,101,106,35,246,258,175,256,257,249,181,184,196,221,97,142,315,228,163,114,275,159,90,238,16,44,40,1,9,208,75,266,126,169
CONMEBOL:216,214,137,27,23,285,284,121,127,54,290,93,318,197,310,115,88,111,84,141,3,300,303,245,243,107,104,38,61,251,272,180,186,189,6,99,168,229,160,12,250,236,232,224,48,42,205,148,74,96,263,267
UEFA:217,212,132,135,139,20,21,29,222,289,227,125,128,58,56,51,63,293,199,193,271,110,113,83,119,174,7,231,304,307,247,102,33,65,178,255,188,317,98,164,166,161,273,150,152,234,235,280,86,45,155,207,77,72,2,144,261,47