100
300
35
27
302
266
291
144
304
157
61,204
65
98
96
127
14
272,208
271
183
37
166
225
305
160
71
167
159,277
136
5
300
295
207
318
101
106
102
62
68
221
263
39
122
199
252
217
255
12
211
31
60
264
245
270
153,321,267
15
112
219
17
309
86
59
22
26
241
109
81
244
100
200
206
28
19
174,67
38
52
284
47,169
231
229
310
130
141,249
190
36
145
289
115
34
306
70
75
177
265
97,143
73
254
233
330
58
92
53
13,146,182,196
94
210
64,253
30
89
242
114
18
189
191
117
256
186
9
88
24
129
87
42
262
234
69
285
79
104
275
228
332,181
299
251
108
329
328,314
93
276
243
123
33
46
188
226
116,320
313
151
297
161
57
215
202,78
50
218
91
49
0
257
298
194
288
66
164
216
178
55
232
124
246
222
193
287
171
95
308
84
29
326
315,224
292
111
170,156
293
41
120
335
176
3
260
214
140
195
283
23
227,323
82
43
51
20
290
175,154
150
74
317,77
133
184
269
54
105
286
201,76
250
248
63,90
316,209
83
220,239
312
56
99,230,279
128
25
4
8
1
107
103
158
281
149
125
273
132
118
40
147
119
212
155
173,162
203
180
278
113
187
80
168
333
135
192
236
152
301
2
240
311,148
213
198
185,72
10
138
32
303
322
334,261
331
294
110
268
238
282,142,44
327
21
45
121
6,274
307
11
235
172
179
85
319
137
237
247
280
223,48
126
16
325
165
205
258
139
134
197
7
259
131
324
163
296
AFC:214,218,130,137,22,23,222,8,286,227,13,129,269,328,297,293,197,190,82,119,260,171,92,301,307,241,100,106,30,252,249,180,184,196,316,164,162,66,273,151,62,36,278,235,232,280,46,40,321,327,206,208,71,79,144,126
CAF:216,213,210,132,136,95,225,27,28,283,284,123,128,69,58,296,290,112,174,146,231,306,245,240,37,34,246,333,257,254,182,189,311,97,142,167,11,220,18,275,150,116,158,90,234,86,44,45,322,325,9,202,205,74,267
OFC:215,211,264,138,26,4,287,120,125,91,54,51,299,295,319,310,191,111,81,118,141,226,302,247,101,104,38,33,108,94,331,60,61,259,64,179,256,272,187,221,317,6,168,165,14,19,152,157,277,238,43,201,149,73,262
CONCACAF:131,139,25,223,29,281,122,268,57,56,294,93,198,312,193,115,113,83,305,109,102,39,35,145,335,330,251,288,181,186,99,315,229,166,160,161,15,239,16,237,48,42,87,323,320,5,207,72,68,154,78,1,279,169
CONMEBOL:133,135,24,20,282,285,127,59,50,53,292,199,192,271,88,110,84,173,3,170,309,300,303,242,107,31,334,258,65,177,255,248,188,98,163,10,12,143,314,117,17,153,159,230,236,224,49,324,329,204,148,77,76,261,41
UEFA:217,212,313,219,134,21,289,0,121,124,265,55,52,63,298,291,318,147,195,89,80,85,140,172,7,308,304,244,243,103,105,32,70,332,178,176,175,185,253,183,194,276,228,114,274,250,156,67,233,155,200,203,209,75,96,2,263,266,270,47,326