100
300
107
341
307
207,72
125
170,204
252,222
99
258
18,40
59
212,159
132
79
340
250
310
35
199
191
347
339
241
8,152
264
11,259
329
187,118
154
140
76,3
231
81
236
172,180
186
82
249
217
343
297
90
257
219,53
298
184,287
232
280
128
290
91
126
95
211,269
226
13
44
57
223
206
285
63
333
1
331
110
175
25
192
224
315
86
162
106
145
198
138
2,268
194
75,64,56
225
279
31
288,4
209,77,214,48
80
32
20
26
104
286
302
84
137
195
47
83
330
176
51
136
9,210
213
117
119
24
338
167
238
328
190
256
96
277
98
111
321,281
248
242
158
129
105
141
324
308
61,255,300
309
122
276
245
49
130
283
55
294
282
133
143
50
165,150
200,221
142
6
174,289
348
337
94
179,301
88
177,325
181
89
270
41
74
203
27
33
304
22
229
0
21
253
134
127,303
284,115
15,260
30
239
247
316
29
146
317
193
151
131
112
197
216
93
97
163
121
14
320
78,313
157
38
101
34
139
254
326
274
46
65,113
124
23
278
182
161
272
45
28
189,68,153
10
114
261,267
296
234
66
168
335
349
149
71
102
246
332
144
318
160
323
87
196
293
273
215
275
327
166,350
7
69
39
109
322,305
251
171,314
336
295
202,54
188,5
342
346
311
37
58
351
103
70
312,265
36
17
73,52
271
230
92
173
263
262
243
12,266
218,227
299
319,155,42
62
169,116
208,306
334
135
233
235
100
148
292
16,220
344
164
228
240
120,43
67
123
60
291
185
85
19
244
345
237
147
108
178
156
201
183
205
AFC:347,340,294,292,197,191,273,279,109,105,334,331,90,95,236,141,135,24,28,181,81,87,245,241,178,173,171,188,11,17,62,325,203,209,77,73,8,120,125,127,312,317,64,251,257,162,163,217,285,267,59,57,115,300,307,229,225,221,151,157,47,40
CAF:295,199,195,274,104,33,36,337,332,99,98,91,235,1,144,133,26,89,80,244,249,172,184,13,18,322,327,76,78,121,129,310,314,60,66,68,164,166,351,210,281,286,260,51,116,110,253,308,303,228,223,152,158,44,42,5
OFC:342,343,348,194,192,271,277,103,107,38,31,336,333,6,97,237,230,146,149,132,139,25,27,20,247,242,170,183,2,16,326,205,204,208,72,123,128,319,316,61,63,254,214,289,287,265,55,259,117,309,301,306,226,222,154,83,48
CONCACAF:346,341,293,275,102,39,34,335,94,234,145,140,130,134,23,86,85,7,243,176,182,14,19,328,200,75,318,311,252,69,169,216,211,218,288,284,263,261,269,53,111,302,224,153,156,159,45
CONMEBOL:344,299,290,193,272,108,106,32,37,339,0,93,238,239,142,143,148,136,21,29,84,246,175,180,186,185,10,320,329,202,74,122,315,258,65,250,256,167,161,350,215,212,219,4,280,283,264,268,54,50,113,118,305,227,46,43
UEFA:345,349,298,296,297,291,198,196,190,270,276,278,100,101,30,35,338,330,92,96,231,232,233,147,131,137,138,22,88,82,240,248,179,177,174,187,189,12,15,323,321,324,201,207,206,71,70,79,124,126,313,3,67,255,168,165,160,9,213,282,262,266,58,56,52,114,119,304,220,150,155,112,49,41