100
300
199
192
97
281
250,219,47
236
253
39
166
306
100
234
38
273
342
229
17,64
310
125
201
102
52
172
290
260
225
247
136
258
324
23
194
113
278
339
24
182
69,220
44
134
272
98
83
330
20
81
295
112
333
40
279
5
195
200
313
232
46
72
129
343
238
2,186
206
299
296
126,59,116
78,282
151
187,9,216
235
325
130
26
149
179
347
245
22
132
96
188,327,315,301
139
12
275
307
169
73,65
329
293
322,123
122
178
62,203
82
156
145
94
32
332
215
309
30
311
300
344
0
217
146
241
103
140
162
221
227
184,153
121
177
173
338
171
298
214
314
85
205
251
204,163
127
321,8
138
142
189
316,252,267
70,128
28
55
10
21
34
63
165,117
262
158
133
25
92
231
337
285
33
13
101
292
261
297
181
57
84
124
191
1
7
198
266
230
348
335
16
305
29
141
289,284,269
274
106
334
159
185,167
242
340
86
239
15
196
164,286
270
31
248
263
213
161,51,259
45
104
271
14,119
212
209
76
308
160
99
148
224
41
277
317,53
256
111
37
345
143
71
93
131
147
91
79,303,43
152
208
88
89
174
291
105
302
180,326,168
294
56
319,304,157
268,114
77
202
108
265,110
4
288
328
170,61
312
137
19
109
154
218
115
244
67,211,280
54
120,255
90
66,264
60
35
246
341
80
240
18,320,283
222
58
336
190
233
197
346
68,228
254
135
226
36
223
155
87
11
207
107
150
42
118
323,75
144
193
48
331
175
243
287
183,50
318
27
74
176
257
3
249
210
49
237
276
6
95
AFC:343,299,294,195,190,272,277,101,105,32,37,334,0,94,96,238,147,140,133,26,21,87,7,240,177,174,187,17,324,209,73,72,79,78,127,314,3,252,251,166,161,217,215,287,264,269,59,114,308,303,228,226,223,150,44,42
CAF:295,292,197,191,109,107,104,31,339,335,93,92,97,239,233,146,134,138,24,88,82,85,247,243,175,171,186,14,321,325,202,206,71,120,124,311,315,64,256,9,216,214,288,4,284,267,54,51,259,110,253,222,151,154,157,45,40
OFC:341,348,199,193,33,36,336,99,98,237,232,141,149,136,23,28,80,246,176,184,11,18,320,326,329,204,207,122,317,63,67,169,165,160,210,219,289,280,285,262,268,57,113,119,309,300,304,306,229,112,48
CONCACAF:345,297,291,198,194,271,273,275,278,108,103,38,337,331,234,230,1,143,148,131,22,29,81,86,242,179,170,185,188,16,62,328,201,77,75,8,125,129,319,312,69,250,257,163,211,218,281,263,55,116,301,305,153,158,46,41
CONMEBOL:344,346,340,296,293,196,274,279,102,106,39,332,6,90,95,236,231,144,142,137,135,27,20,84,244,248,178,173,183,189,13,19,322,203,205,74,70,123,128,310,316,60,65,255,164,162,212,283,286,261,266,56,52,115,117,111,307,224,220,155,49,47,5
UEFA:347,342,298,290,192,270,276,100,30,35,34,338,330,333,91,235,145,132,130,139,25,89,181,245,241,249,172,182,180,2,10,12,15,323,327,200,208,76,121,126,318,313,61,258,66,68,254,168,167,213,282,260,265,58,50,53,118,302,227,225,221,152,156,159,83,43