100
300
133
67
196
174
269
94
105
22
214
270
256
138
257
281
253
301
121
241
163
179
124
265
90
6
243,48
136
123
222
134
271
206
300
99
88
127
108
71
187
189
100
64
287
18
175
205
141,153
239
191
215
197
103
80
17
75,144
54
200
297
21
58
226
28
169
227
307
125
69
164
96
0
283
20
298
245
109
155
84
193
104
173
70,12
92
284
36
194
311
143,49
139
132
308
217
13
240
40,1
231,272
199
131
202
286
7
292
35
161
310
313
86
289
176
42
129
251
234,79
87
201
65
39
146
11
45
258
159,41
101
72
85
249
260
180
24
114
275
235
192
296
254
91
63
106
116
111
93
294
268
34
219
147,276
2
299
285
62
126
178
29
52
208
165
14
280
246
15
97
32
172
152
50
43
51
44
225
216
47,279
171
73
168
186
120
142
89
77
190
211
305
76
140
8
56
112
290
110
181
291
128
9
55,238
221
115
118
107
74,262
145
203
113
30
167
232
220
130
122
209
204
263
267
4
23
3
264
207
149
188
135
212
242
293
185
27
247
157
57
160
38
162
223
273
248
303
183
177
119
312
250,5
81
295
10
314
82
156
230
158
33
236
61
255
150
306
288
210
182
102
228
184
261
233
83
148
218
26
229
195
46
60
259
277
213
244
274
224
278
137
266
37
252
237
309
95
170
198
68
31
166
19,16
98
53
151
154
282
59
25
304
302
66
78
117
AFC:212,219,131,134,95,139,225,22,23,289,283,128,268,69,55,52,63,295,312,191,82,173,226,92,170,302,305,244,247,106,107,104,30,34,258,185,181,194,162,12,14,66,117,274,151,116,277,236,233,45,87,155,205,209,2,144,262
CAF:216,264,218,130,25,284,122,59,293,199,147,192,271,111,174,140,3,231,300,304,245,242,101,32,94,252,257,288,248,180,184,97,169,228,165,11,17,150,156,159,278,230,43,203,206,208,71,79,41,126
OFC:213,211,313,133,132,26,20,222,0,4,8,285,121,123,269,56,50,299,296,292,198,89,110,83,146,309,307,241,105,33,108,246,70,175,251,272,182,187,142,168,229,163,114,153,36,238,16,49,42,201,73,261,260
CONCACAF:210,135,21,282,125,265,58,51,53,93,190,88,80,118,85,172,301,303,109,243,100,39,38,31,145,61,65,179,178,255,249,183,311,276,6,10,220,15,143,250,157,90,67,234,237,224,280,48,204,75,154,96,270,47
CONMEBOL:215,24,29,287,227,120,127,54,57,290,195,197,310,113,81,141,171,308,102,35,60,259,64,177,253,188,189,221,98,164,161,18,314,158,239,235,86,44,40,1,9,202,149,74,72,267,266
UEFA:217,214,137,136,138,27,223,28,281,286,13,124,129,91,298,297,294,291,193,115,112,119,84,7,306,240,103,37,176,256,254,186,196,99,166,167,160,19,273,275,152,62,232,46,5,200,207,148,77,76,68,78,263,279