100
300
122,307
103
11,17
108
230
65
120
209
98
124
245
273
104
292
190
270
100
185,311
20
348
212
320
346
321,325,156
33
69
322
107
285
279
189,266
73
161
345
255
296
202,354
57
313
244
82
172
289
60
167
347
163
176
76,256
350
149
272
183
80
74
178
95
173
271
235
43
26
327
290
78
142
181
46
133
211,281
205
210
216,159
140
21
263
251,114
278
280
187,326,42
171
27
129,112
62
6
16,72,51
191
242
24
241
319
126,267
143
254,53
295
352
243
59
115,306
204
333
339
94
146
288
317,218,118
169
106
47
88
231
63,48
223
215
253
282
246
342
192
158
201
134
91
265
125
8,219,284
101
102
28
81
249
160
50
123
145
30
177
196
148
323,40
206,309
214
341
310
275
194
261
208
274
225
229
331
4
188
238
19
164
109
328,228
315
286,52
71
93
58,153
179
329
39
233
199
2
294
1
198
314
222
3
25
31
168
234
175
37
162,55
64
113
97
299
220
268,5
332
56
343
87
36
117
0
336
232
18
105
252,54,305
318
139
227
10,303
86
195
193
61
132
283,304,150
144
337
301
135
7
174
184,287,260
34
324,166
41
22
293
335
298
85
236
182
170
147
248
180
130
197
35
13
32
127
302
316
15
213
67,351
291
9
92
349
110,155
151
344
203,250
269
276
66,165,262,300
312
84
226
83
12
77
207,44
119
111,221
131
258,68
200
75
14
297
136
330
49
259
138
90
137
239
89
157
79,308,154
257,45
99
38
29
264
340
186,70
240
121,128
247
237
353,116,224
23
338
141
277
334
152
96
217
AFC:345,349,294,195,197,270,277,102,38,36,335,330,0,93,239,235,144,143,135,25,27,20,87,242,249,176,170,186,189,11,12,207,209,72,78,121,125,316,61,67,256,165,162,281,285,261,265,55,53,116,111,309,301,303,307,227,223,155,46
CAF:347,299,293,193,274,279,105,35,34,334,6,91,90,97,234,146,131,138,21,29,181,247,241,173,188,13,19,323,327,201,205,123,126,310,315,252,66,69,169,160,354,216,212,289,283,266,59,117,304,305,220,151,150,154,83,48
OFC:346,341,297,292,290,192,276,100,106,39,32,30,37,333,99,92,238,230,1,141,149,132,134,24,22,88,81,178,171,183,18,62,322,328,203,202,75,73,8,127,129,313,317,250,255,168,161,214,280,286,260,264,57,50,259,110,118,228,221,156,45
CONCACAF:343,348,298,296,199,196,191,271,278,107,338,331,95,237,231,145,130,136,85,246,243,172,182,180,2,185,15,17,320,208,76,70,79,124,128,258,63,68,254,167,163,9,353,210,218,219,284,262,52,114,308,226,157,112,47,44,40,5
CONMEBOL:344,340,295,194,190,273,101,104,31,339,336,98,96,232,142,148,139,26,80,84,244,240,248,179,174,184,10,14,321,324,329,200,206,77,71,120,319,312,65,257,166,352,215,213,4,287,263,267,269,54,56,115,113,119,302,225,224,153,159,49,42
UEFA:342,291,198,272,275,108,109,103,33,337,332,94,236,233,147,140,133,137,23,28,89,82,86,7,245,177,175,187,16,326,325,204,74,122,318,311,314,3,60,64,251,164,351,350,217,211,288,282,268,58,51,253,300,306,229,222,152,158,43,41