100
300
83
268
209
16,270
174
55
321
73
186
305
33
89
177
302
95,79
284
138
227,12,157
297
240
230,204
247
132
26
292
144
215
281
142
64
170
133
22
213
237
98
295
102
101
36
45
65
135
59
113
319
115
130
125
168
34
90
128
3
129
191
19
80
91,97
86
233,320
184
202
76,267
17
71
139
190
141,77
149
189
167
25
238
309
140
87
161
2
27
255
308
104
274,158
54
47
154
251
78
88
72
112
6
283
298
259
221
258
100
30
252
286
109
123
152
11,275
50
260
304
172
287
201
246
218
197
183
254
207
211
131
21
46
313
214
241
160
248
257
117,232
244
179
42
51
107
220
166
24
119
44
272
271
28
35
193
67
296
181
106
192
4
256
175
199
124
187
249,235,322,263
253
118
178
20
143
151,75
57
56
188
62
195
225
176
226
180
264
63
23
37
173
194
82
49,74
291
126
212
269
39
224
325
185
198
317
120
122
127
92,280
217
315
228
53
326
32
110
290
203
303
13,277,327
311
285
234
108
103
196
299
14
99
70
206
156
10
279
29
301
273
293
245
43
40
7
148
85
146
137
52
58
165
9
94
48,261
147
41
294
314
223
306
60
231
163
216
93,323
18
169
265
324
316,155,208
38
121
96
307
242
8
15
81
310
266
114
282
219
236
136
164
222
182
289
111
239,262
0
69
145,278
276
5
318
105
205
300
171
150
68
210
31
162
288
153,159
116
243
312
66
61
200
250,1
84
134
229
AFC:216,95,25,26,289,4,8,283,122,128,56,290,191,115,110,81,172,92,308,300,306,245,106,39,64,185,253,187,221,276,317,99,229,166,14,314,17,250,62,235,237,49,46,87,202,205,148,74,72,144,262,270,41
CAF:217,210,131,137,227,58,57,52,93,198,111,118,85,260,301,307,109,243,107,32,37,252,70,179,254,180,194,6,316,168,165,160,18,143,274,151,153,157,278,234,44,204,79,266,326,126
OFC:313,218,219,132,138,20,29,281,287,120,124,91,54,51,296,292,318,199,147,195,192,113,119,84,302,242,102,34,145,61,65,178,175,249,182,189,161,10,273,152,158,238,232,45,40,323,208,73,78,2,263,1,267
CONCACAF:215,135,139,225,24,27,21,282,123,265,129,69,50,53,299,294,193,88,112,80,174,231,309,303,244,103,104,30,108,60,258,176,257,288,248,181,188,196,142,315,167,163,220,12,15,66,275,150,156,36,90,239,224,42,322,320,5,327,324,203,206,96,261,47
CONMEBOL:214,211,264,130,136,134,22,23,222,0,284,286,13,121,127,269,63,297,295,291,190,89,83,141,226,3,171,146,170,304,247,241,100,105,38,31,246,259,256,272,183,311,97,164,114,117,159,236,43,325,9,200,207,76,71,154,279
UEFA:212,213,133,223,28,285,125,268,59,55,298,293,319,312,197,310,271,82,140,173,7,305,240,101,33,35,94,177,251,255,186,184,98,228,162,11,19,116,277,67,16,230,233,280,48,86,321,155,201,209,149,77,75,68,169