100
300
212
243
301
24
98
156
273
203,76
127
246
139
149
22
114
93,239
70
109
253
265
293
201
2
23
260
137
10
20
51
318
195
277
68
264
172
116
32
234
308
285
84
194
323
132
286
140
192
105
95,78
297
255
235
311
304
270
316
310
35
298
50
49
182
9
263
5,202
211
210
220
15
153,1
40
207
259
25
245
280
99
141
266
120
115
91,48
276
21
86
321
205
240
186
189,196,75
224,44
125
208
180,315
135
226
261
187
103
59
225
292
123
313,185
71
136
303
118
30
74
17
218
56
199
227
302
193
97,143,72
67
58
291
87
13,42
0
223
119
41
33
101
43,279
90,79
282
241
204
322
284
81
163
191
228
319
175
198
173
4
164
96
121
188
82
69
299
150
66
29
183,19
34
287
221
107
158
254
31
178
248
18
151
200
216
257
215
7
144
138
92
283
312
309
60
170,155
147,14
242
296
317
88
271
252
129
274
148
112
161
146
219
160
85
236
197
27
106
324
38
307
157
289
8
39
134
272
131
181
244
165
46
73
117
320
325
108
269
130
124
256
47
6,229,233
176
37
133
213
110
83
166
102
159,262
162,154
267
55
305
288
171
275
12
100
77
89
126
209
104
3
26
167
16
278
294
177
142
179
113
174
57
128
251
306
238
54
122
184,237
52
28
145,249
94
281
65
80
61
295
217
250
53
190
247
11
62
45
268
290
258
168
222
300
206
63
232
314
214
36
111
231,230
64
152
169
AFC:218,135,225,26,223,282,286,91,55,293,310,112,85,173,260,92,300,304,109,243,102,38,33,145,61,178,257,185,248,97,166,161,19,277,36,239,16,236,232,45,321,9,155,205,204,209,75,71,144,1,267,126
CAF:216,212,130,136,24,23,281,8,287,13,122,124,269,297,198,147,190,113,83,118,140,171,308,305,241,39,108,34,246,252,259,177,272,182,187,196,229,165,162,220,314,152,157,159,237,233,280,87,320,202,206,68,96,263,47
OFC:217,214,219,131,139,20,28,29,289,283,121,125,56,52,299,294,93,199,195,271,110,119,84,226,3,146,309,306,244,242,106,104,32,70,258,65,176,251,181,6,99,98,315,167,14,17,151,156,234,49,46,86,44,43,322,77,262,279
CONCACAF:210,264,133,134,95,25,22,222,0,4,285,227,128,54,57,51,298,296,319,193,89,82,172,303,245,101,107,31,253,184,188,189,311,317,168,160,11,66,114,143,117,273,275,62,238,235,48,323,200,203,149,76,72,154,79,270,41
CONMEBOL:213,132,138,21,127,268,58,53,63,295,290,291,318,312,192,80,81,174,231,170,301,302,247,240,100,35,94,64,255,288,183,186,194,221,142,316,164,163,12,150,116,250,158,278,90,67,230,42,5,325,148
UEFA:215,211,313,137,27,284,120,123,265,129,69,59,50,292,197,191,115,88,111,141,7,307,103,105,30,37,60,179,175,256,254,249,180,276,228,10,15,18,274,153,224,40,324,201,207,208,74,73,78,2,261,266,169