100
300
63
176
15,113
232
130
96
278
344
74
40
179
245
323
319,215,227
6
34
342
19
27
282
10,59,51
32
105
338
229
242
193
265
298
199
43
72,5
0
253
22
185,329,204,258
37
4
194
292
154
290
57
271
62
216
94
256,168
286
18
331
268
85
30
294
180
336
174
159
277
109
207
120
78
259
126,315
61,114
8
148
149
249
118
173
222,44
135
339
287
76
212
58
132
324
328
289
252,262
327
31
210
225
103
125,301,306
133
333
108
26
304,41
75
71,49
209
224
12
183
291
236
196
221
281
69
101
260
325,157
128
165
334
345
33
117
288
275
201,52
164
79
310
311
151
64
254
100
337
121
195
192
47
1
178
98
2
330
39
186
70
166,305
138
264
170
53
218
50,111
316,60,119
95
280
146
65
9
233
123
248
124
228,45
86
226,155
144
93
231
197
283
293
92
25
35,54
191
276
13
247
181
80
205,116
246
313
314
82
244
341
257
87
200,167
106
175
97
48
238
299
309
145
16
89
237
188
36
153
171
3
23
182
102
303,42
272
284,307
55
223
190
99
241
29
161
160
300
28
332
296
184
308
295
162,46
261
169,163
320,220
219,110
255
251
143
234
84
77
214
81
140
266
122,217
312
322
158
68,213
142
269
90
240
279
115
203,285
139,302
250
21
156
340
172
127
235
187
66
321
239
270
7
38
20
73,211
243
91
88
17,318,67
343
83
14,206
147
267
112
56
335
273
131
104
152
230
317
208,150
129
189,202
137
177
134
274
198
136
263
297
11,326
107
141
24
AFC:342,296,291,194,197,191,273,276,32,336,97,96,238,237,1,148,131,25,88,80,86,244,248,175,173,183,11,18,323,328,209,70,121,312,63,66,217,4,283,266,56,111,253,303,223,154,159,83,46
CAF:295,193,108,109,104,38,30,37,36,337,93,235,231,145,135,139,24,181,245,240,176,172,186,320,326,201,200,208,73,78,8,125,60,65,251,254,167,163,214,288,286,269,51,259,117,110,306,224,150,158,47,42
OFC:341,343,294,195,271,277,279,102,107,34,338,0,99,94,234,142,141,149,136,29,81,87,85,247,249,177,171,185,189,10,15,321,329,207,72,123,127,313,314,3,67,161,162,215,213,219,289,285,261,267,268,59,58,52,115,308,301,229,225,155,112,45
CONCACAF:344,340,298,299,199,190,270,103,106,31,339,335,6,92,236,232,144,137,134,26,21,246,179,2,13,16,325,203,206,74,79,124,129,319,316,61,64,257,168,165,210,218,280,284,287,263,53,114,116,118,309,304,227,220,152,156,49,43
CONMEBOL:345,293,290,196,192,272,275,100,105,39,35,334,330,91,239,233,146,133,138,23,28,89,82,7,242,170,182,180,187,12,17,19,322,327,324,204,71,120,318,310,315,258,68,256,169,166,160,211,282,265,264,55,57,300,307,228,153,44
UEFA:297,292,198,274,278,101,33,331,333,332,98,90,95,230,147,143,140,132,130,27,20,22,84,241,243,178,174,184,188,14,62,202,205,77,76,75,122,126,128,311,317,252,69,250,255,164,9,216,212,281,262,260,54,50,113,119,302,305,226,222,221,151,157,48,40,41,5