100
300
272,249
225
211
20
106
171
37
17
170
93,274
31
193
159
128
96
195
210
134
26
259
108
64
152
74
1
122
81
95,275
226
266
145
10
48,9
154
80
239
58
206
84
280,169
109
240
97,143
113
3
282
30
61
188
40
146
66
45
33
85
271
257
262
63
164
232
136
250
319
167
100
46
73
176
205
243
153
104
68
141,43,78
107
313
130
306
8
199
77
196
221
118
25
224
236
52
317
300
89
276,155
305
132
138
248
83
268
47
269
231,117
51
67
65
207
7
252
241
177
229
279
293
309
137
175
310
102
197
209,270
166
222
39
247
131
44
304
219
0
318
101
82
86
11
75
12
140,116,156,277
142,71
28
190
212
265
284
157,263
253
87
4
297
18
150
139
301
173
227
124
98
316
203
307
59
14
172
213
198
191
299
135
216
23
148
288
129
114
214
314
120
165
110
187
244
185
186
228
295
32
281
189
99
278
168
303
60
161
38
312
286
321,267
215
121
322
283
22
192
27
202
246
144
264
34
217
15,208
55
174
56
29
21
184
72
261
112
182
41
5
119
88
201
35
194
180
16
53
289
235,42
76
308
233
105
115
178
256
103
302
36
315
147,90
292
13,260
92,149
204
285
151
258
311
49
320
255
290
291
298
70
238
162
133
69
251
6
294
24
183
62
234
223
79
123
273
179
158
91
296
242
287
237
163
125
57
254
127
220
218
54
126
94
50
200
245
2
160
19,230
111
181
AFC:214,138,223,283,287,227,128,59,55,299,295,312,110,118,3,146,92,305,38,32,177,251,256,194,188,317,167,14,114,314,151,157,277,238,233,49,200,73,96,263,266,126
CAF:215,213,131,25,21,222,285,120,127,56,292,93,318,147,190,193,113,112,81,174,140,171,301,307,107,31,35,252,60,258,176,288,185,180,186,189,98,12,143,274,275,16,236,87,5,204,209,76,68,154,2,261,41,47,267
OFC:216,210,130,139,26,27,22,282,121,123,53,293,290,199,195,83,84,260,7,308,300,247,100,104,37,108,255,182,311,142,168,229,165,161,10,19,17,153,156,62,239,234,237,44,40,320,205,208,77,72,78,270,279
CONCACAF:217,313,218,219,135,225,20,28,4,286,125,129,269,69,58,52,296,319,271,89,82,141,170,303,245,109,240,103,106,246,65,179,249,183,97,315,164,162,18,117,152,116,36,90,67,235,224,280,45,42,9,203,206,75
CONMEBOL:212,264,132,137,24,289,284,124,265,51,297,198,197,310,191,115,119,226,172,231,302,304,241,243,101,105,39,33,34,94,70,61,259,64,178,175,253,248,187,184,221,6,316,99,228,160,163,11,273,278,46,86,321,155,148,149,79,144,1
UEFA:211,133,136,134,95,23,29,0,281,8,13,122,268,91,54,57,50,63,298,294,291,192,88,111,80,85,173,309,306,244,242,102,30,145,257,254,272,181,196,276,166,220,15,66,150,250,159,158,230,232,48,43,322,201,202,207,74,71,262,169