100
300
124
72
191
247
335
250,46
312
233
179
292
224
0
310
110
260,262
320
100
24
215
67
35
141
25
217
121
161
324
332
29
145,98
284
14
301
94
165
127
91,93,149
106
53
31
96
64
159
245
82
88
23
296
58
142
274
182,189
218
47
195
9
196
331
291
249,235
123
66
289
220
173,158,263
131
138
168
119
99
81
38
325
294
256
176
311
190
90
70
136
287
105
328,15,68
277
74
33
298
152
213
3
156
175
254
36
271
211
252
116
306
187,18,202
293
194
51
313
327
129
297
166
272,314,44
125
207
276
21
305
118
283
84
231,12,270
143,1
288
167
198
139
193
280
128
52
86
153
290
107
178
206
114
251
102
5
253
144
111
22
278,49
10
319
269
104
236
326
261
60
279
11
221
28
77
227,69,140
180
65
160
109
79
71
184
240
97
230
258
117
323
172,322
8
122
170
80
126
40
112
257
203
85
199
157,75
135
266
87
333
204
226
148
205
309
37
27
316
299
209
55
186
259
133
20
286
92
295
147
242
164
200
201
63
192
39
17
275
103
183,315
197
155
56
42
61
281
89
225
265
222
219
212
302
241
7
181,76
188,232
150
303
169
154
321
255
285
210
34
134
244
229
41
177
174
32
185
132
57
43,329
223
268
216
208
130
304
146
214
120
4
228,2
54
162
137
30
101
308
26
300
59
282
115
330
83
307
50
13
243
334
95
151,239
248
163
318
113
273
62
264
108
317,19
234,48,78
246
6,267
171,237,45
238,16
73
AFC:213,133,130,95,24,223,29,281,123,69,55,198,191,88,111,110,118,85,174,260,3,302,243,242,101,106,37,145,246,179,253,187,316,228,165,10,143,275,151,250,156,159,62,235,237,48,40,322,202,206,96,79,261,270,279,267,326,169
CAF:214,137,23,282,284,287,122,269,56,50,63,298,299,290,319,312,310,193,113,83,119,141,172,7,306,244,240,31,35,333,251,257,272,185,180,311,276,99,229,167,163,66,19,278,90,238,45,42,327,9,155,200,209,75,74,263
OFC:216,313,132,225,27,21,265,58,54,295,82,80,309,303,305,247,103,39,32,332,64,65,256,288,182,183,194,142,98,315,164,220,12,14,18,274,150,277,239,232,280,49,44,87,320,324,205,204,73,68,144,1,126
CONCACAF:217,134,139,25,222,286,227,128,268,59,53,297,292,93,192,89,84,146,301,307,245,241,107,104,38,30,34,252,70,330,60,175,181,186,196,6,168,162,11,114,314,273,17,153,116,16,233,46,43,321,325,203,207,77,266
CONMEBOL:212,218,135,138,26,28,0,4,283,285,13,120,124,127,52,294,291,199,195,197,115,271,226,171,308,304,109,100,33,108,94,334,259,178,255,249,184,221,317,166,157,234,86,329,208,148,71,154,78,47
UEFA:215,210,211,264,219,131,136,20,22,289,8,121,125,129,328,91,57,51,296,293,318,147,190,112,81,140,173,231,92,170,300,102,105,335,331,61,258,177,176,254,248,188,189,97,160,161,15,117,152,158,36,67,230,236,224,323,5,201,149,76,72,2,262,41