100
300
35
30
88
131
142
39
199
50
121
263
128
94
77
264
325
219
195
132
141,278,207,266
184
210
190
269
248
26
14
46
114
335,168
82
92
4
120
172,65
0
334,336,150,205
158
255
318
251
19
29
222,182,315
113
291
93
145
33
31
262
294
6
212
196
1
221,76
287
63
275
173
174
224
49
288
64,98
223,66,153
71
227,253
181
220,90
273
58
25
138
331
162
265
183
147
260
135
274,148
32
126
23
9
305
125
258
271
43
18
110
226
166
297
175
187,99,235
105
123
176
324
101
197
52
16
124
319
152,277
281
192
84
218
308
239,155
102
41
57
201
12
134
15
61,44
230
69,189,75
241
59
56
11,169
299
306
252
36
213
323
285
179
256
106
139
307
216
330
24
321
7
112
68
111
301
186,228
28
284
311
272
3
2
302
127
104
89
73
229
237
177
194
245
165
198
333
234
296
37
170
164
309
130
312
115
154
267
328
151
320
202
282,231
20
119
257
157
232
160
161
48
286
97
211
238
17
242
146
332
316
209
244
22
45
243
116
215
292
233,203
180
129
298
206
289
156
290
200
317
295
34
21
91,250,62
283
103
304
10
42
337,149
81
270
326
329
268
109
70
85
27
313
51
279
178
140
327
276
55
310,249
217
314,74
303
118
214
280,96
87
240
171,188
300
60
80
8
133
247
136
100
53
254
246
67
5
225
185
54
122
107
236
117
137
167
293
86
163
193
108
38
47
83
259
40,72
95,143
322
78
208
13,144
79
191
261
204
159
AFC:215,264,218,137,225,20,28,286,227,123,127,128,59,55,297,292,318,190,110,82,119,304,244,101,33,37,94,332,179,251,256,183,194,189,311,97,164,273,17,153,158,90,239,234,5,327,9,203,206,148,78,261,1,279,267,169
CAF:217,210,132,138,21,222,4,8,282,285,121,125,129,69,52,298,291,199,192,271,112,83,118,172,7,146,308,301,104,31,108,337,330,65,175,288,187,276,315,165,161,12,15,143,150,250,62,36,238,232,49,44,42,87,329,205,77,71,47
OFC:313,136,95,139,24,26,23,223,289,284,120,124,328,58,51,310,113,84,92,170,303,306,245,241,103,336,333,61,178,272,249,182,180,186,221,167,160,151,70,16,230,233,48,86,45,40,320,324,208,149,75,2,262,270
CONCACAF:216,213,211,130,134,27,281,54,50,294,295,290,93,319,312,197,191,193,88,85,140,3,171,302,305,242,106,105,39,32,246,252,335,60,258,259,64,176,254,188,6,98,162,14,19,314,274,156,235,224,322,325,204,74,68,154,79,266,126
CONMEBOL:212,219,131,135,0,283,287,13,122,265,268,91,56,53,296,293,115,80,173,141,307,109,243,102,38,30,145,334,177,257,185,253,181,196,316,228,166,11,66,18,117,152,159,277,236,43,321,201,200,209,73,96,144,326
UEFA:214,133,25,22,29,269,57,63,299,198,147,195,89,111,81,174,260,226,231,309,300,247,240,100,107,35,34,331,255,248,184,317,142,99,168,229,163,10,220,114,275,116,157,278,67,237,280,46,323,155,202,207,76,72,263,41