100
300
122
100
282
20
242
111
315,45
240
287
27
120
163
31
165
161
54
4
87
166
55
115,40
86
318
290
219
247
225
65
180
301
309
261
140
284
245
189
288,49
169
173
254
310
95,207
241
191
177
0
94,15
136
144
280
70
18
103
306
244
53
104
296
155
227
77
153
89
30
139
5
332,183,1
321
147
257
234,263
226
174
125
264
308
123
214
331
210
138
145,17
272
130
304
48
129
212
220
213
248
113
206
224
90,327
128
99
185
253,186,148
72
84
286
116
137
131
21
190
193
58
243
69
102
28
19
146
57
26
249
255
150
64
126
200
25
8
218
160
222,2
79
293
119
292
323
297
170
217
274
82
13
277
76
281
7
142
158
324
78
32
246,43
295
91,117
97,162
16,75
74
238,202,71
260,172,196
178
307
181
330
37
29
250
133
273
265
141
312
276
270
51
319
135
289
83
267
127
176
268
266
93,60,154
271
81
124
106
23
52
14
61
109
46
112
317
11
231,151,235
3
187
85
216
262
41
313,229
59
36
251
303
211
164
38
278
179
279
283
215
239
201
10,232
205
105
198
66
107
221
182,314
305
316,237
194
39
167
228
152
299
108
22
157
184
291
195
258
325
269
171
203
322
143
256
42
35
175
333
294
6
149
62,326
118
34
223
285
114
56
101
233
12
204
298
68
9
24
208
121
88
188,98
132
63
192
197
96
134
230
311
302
50
156
209
33
320
328,44
67
236
73
92,275
80
168,159
252
259
300
47
329
199
110
AFC:212,264,130,137,139,25,27,223,222,285,13,123,293,318,192,115,271,113,81,141,3,300,305,244,102,107,94,332,60,64,178,175,256,183,97,168,162,10,153,156,159,277,36,238,232,280,43,87,323,327,200,203,71,79,47
CAF:217,211,133,22,29,282,286,121,125,268,91,50,52,63,295,199,197,191,88,83,119,85,172,7,170,308,302,243,101,104,246,252,333,177,257,187,142,315,228,220,14,314,151,157,158,67,230,40,322,206,74,2,261,279,326
OFC:214,218,219,131,134,24,26,289,4,281,8,287,124,69,59,51,298,294,93,147,193,111,174,226,304,242,105,38,32,35,331,253,188,221,317,98,167,161,15,152,116,250,49,321,329,201,202,208,75,263,144,267
CONCACAF:216,213,23,0,265,129,55,299,297,292,195,190,110,171,92,306,241,100,106,39,33,30,70,61,259,65,179,176,255,272,288,248,184,311,316,229,164,19,18,143,274,275,235,236,224,46,86,325,9,204,148,76,154,126
CONMEBOL:215,132,136,95,138,21,283,227,122,53,291,312,112,80,118,260,146,231,309,303,240,31,37,108,34,145,330,254,249,181,186,194,196,276,160,11,114,17,150,62,239,233,48,42,320,155,205,209,73,68,78,266,270,169
UEFA:210,313,135,225,20,28,284,120,127,128,269,328,58,54,57,56,296,290,319,198,310,89,82,84,140,173,301,307,245,247,109,103,258,251,185,182,180,189,6,99,165,166,163,12,66,117,273,278,90,234,16,237,44,45,5,324,207,149,77,72,96,262,41,1