100
300
96
120
11
183
243
121
187
159
87
251
65
118
218
99,275
162
40
305
259
19
32
117
173
158
227
197
106
64
196
161
276,237
80
33
63
317
60
258
262
93,41
153
141,14
72
240
177
229,239
123
86
2
256
37
234,321
200
292
309
145
182
210
143,208
29
228
191
302
24
269
306
8
320
147
124
115
188
50
69
281
44
313,266
52
271
235,261
21
137
181
221,322
48
88
280
236,71
315,202
83
20
233
223
291
201
170
27
132
184
74
111
288
46
51
144
126
78
97
248
199
109
136
18
39
140
268
152
195
59
265
108
139
0
104
10
308
185,238
176
148,270
150
12
224
77
215
311
285
84
319
89
5
38
284
300
128
160
166
253
242
129
107
91
171
194
318
310
54
133
312
168
81
28
31
298
35
95
13
4
17
134
49
295
198
283
94,43
293
7
66
1
70
76,154
294
250
112
203
222
167
156
301
220
67
75
25
119
244
82
130
34
247
226
3
127
282
164
42,169
257
98
225
114
314
57
193
186
246
264
278,73
53
122
303
55
47
232
274
155
263
245
131
16,149
299
92
62
125
205
100
36
296
45
103
260
216
273
135
290
206
165
163
90
85
277,209
211
217
297
304
116
26
178
190
172
180
230
286
272
138
214
79
30
254
204
192
174
142,15
289
241
219
113
255
157
252
61
279
213
189
287
23
307
68
179
56
267
105
110
316
101
249
22
58
146
9
231,151,207
175
212
102
6
AFC:217,130,95,139,20,29,4,281,282,120,269,268,91,54,56,296,290,318,190,88,112,173,226,308,301,104,37,145,246,65,175,256,186,167,220,117,17,153,157,159,238,233,49,200,202,209,149,74,68,79,266,279
CAF:213,313,219,134,138,26,287,121,125,265,55,52,294,319,193,89,111,81,119,140,302,304,243,102,100,39,31,94,254,185,180,188,168,315,228,165,161,12,19,273,250,278,90,67,232,46,322,155,206,148,76,72,2,261,267
OFC:216,210,264,132,24,23,289,8,124,127,129,69,50,53,298,295,198,147,195,7,231,242,106,30,108,35,61,178,257,253,248,182,194,311,142,316,99,229,164,66,274,116,235,16,86,43,5,201,78,262,270,169
CONCACAF:215,212,131,137,21,222,0,283,122,57,63,299,292,291,310,192,271,82,118,141,92,170,305,244,247,109,103,101,32,34,60,259,176,255,249,184,189,162,163,11,314,152,156,234,237,224,44,87,205,77,71,96
CONMEBOL:211,218,135,225,25,22,28,284,128,59,293,197,110,83,84,260,172,3,146,309,300,245,240,177,251,288,183,221,97,317,6,166,10,14,114,18,143,150,158,62,277,36,239,280,48,42,321,203,207,73,154,41,126
UEFA:214,133,136,27,223,285,286,227,13,123,58,51,297,93,199,312,191,115,113,80,85,174,171,303,306,307,241,107,105,38,33,252,70,258,64,179,272,181,187,196,276,98,160,15,275,151,230,236,45,40,320,9,204,208,75,263,144,1,47