100
300
89
239
51
47
33
19,169
2
291
58
249
176
224
23
177
300
146,261
84
75
30
256
288
290
37
158
149,78
109
294
308
111
255
298
211
123
115
101
236,144
182
96
13
88
168,17
157,72
139
175
93
199
150
39
142
275
202
173
42
282
60
286
141,77
237
285
210
241
228
121
159
6
15
258
57
16
0
178
110
245
160
317
187
26
295
303
232
46,1
86
69
10
293
302
22
299
129
203
82
265
190
148
312
200
234
27
7
126
283
179
292
315
287
133
188
248
155
215
64
95
278
259
270
3
204
171
208,71
108
165
279
170
132
48
45
161
227,263
138
83
296
118
65
104
25
128
305
223
217
34
277,44
153
180
136
247
272
186
125
127
233
40
301
229,250
193
14,154
281
238
55
80
218
8
189
31
53
124
276
50
198
100
273
120
262
91
297
21
192
147
316
81
172
185
246
38
61
313
29
254
107
164
106
251
24
191
230
183
267
268
41
206
67
167
195
314
266
79
32
52
152
257
151
156
102
196
201
56
9
99
62
4
28
304
197
145,280
184
289
219
94
235
226
243
194
213
12
103
221
269
90
216
143
117
134
252
105
20
73
309
87
225
66
54
242
35
163
214
122
166
220
131
311
162
209
212
307
85
116
76
222
49
174
274
112
271
113
114
135
59
97
98
310
92,11
5,74,260
137
63
253
68
43
231
240
18
306
130
119
264
244
181
36
70
284
205
140,207
AFC:217,210,264,133,20,289,281,227,122,124,297,198,110,83,174,171,7,308,305,240,100,106,33,31,145,70,64,254,248,180,187,194,276,161,15,114,117,273,151,153,90,236,233,49,43,5,155,205,75,68,96,261,41
CAF:132,136,95,225,25,27,286,58,55,299,295,82,118,140,92,309,303,244,241,104,30,246,175,255,272,186,316,168,11,17,156,159,237,230,280,46,86,201,206,208,76,2,144,266,126
OFC:213,219,131,139,24,28,222,127,128,91,59,298,291,199,147,195,310,192,88,112,81,119,3,231,301,302,245,102,103,101,107,38,35,258,178,176,249,253,188,6,315,167,160,150,157,62,36,278,235,16,79,270,267
CONCACAF:214,211,218,130,138,21,223,4,8,284,287,13,125,129,69,50,53,294,312,197,190,115,271,80,85,141,170,247,109,242,39,32,252,60,259,65,179,181,184,189,97,229,163,220,116,42,203,207,149,73,72,78,263
CONMEBOL:215,212,137,134,26,23,29,282,120,268,54,52,293,290,193,89,84,173,300,306,243,105,34,94,61,177,256,183,311,196,317,142,98,164,14,66,18,275,250,239,232,224,48,44,40,1,9,200,148,74,260,279,169
UEFA:216,313,135,22,0,283,285,121,123,265,269,57,56,51,63,296,292,93,191,111,113,226,172,146,304,307,37,108,251,257,288,185,182,221,99,228,165,166,162,10,12,19,143,314,274,152,158,277,238,67,234,45,87,202,204,209,77,71,154,262,47