100
300
223
104
278
303
59
299
208
301
3
14
114
69
151
0
259
255
276
189
176
206
55
49,148
202
187
296
8
212
250
118
260
100
31
84
41
77
172
35
305
215
184
204
58
145,42
72
225
107
218
18
91
171
157
130
57
103
79
89
65
277
71
123
23
158
177
269
131
279
160
265
294
284
149,261
44
240
239
113
161
246
168
144
263
181
115
142
95
302
88
230
25
245
10
45
167
110
178
62
27
38
186
297
75
253
180
254
232
97
256
105
50
82
146,280
273
173
165
175
127
120
147
112
200
197
262
15
143
1
78
304
134
64
272,237,9
199
288
271
174
4
116
192
194
32
257
233
121
220
92
17
83
47
222
289
33
29
19
7
209
85
2
153
36
281
24
126
139
267
270
12
86
11
119
195
185
228
224
226
40
300
96
53
205
264
258
70
76
156
163
286
231
283
87
298
166
80
46
164
198
244
150
247
21
133
106
152
66
124
5
28
137
252
241
6
132
99
125
207
191
43
63
109
287
203
94
81
217
219
274
221
30
282
111
266
54
56
73
210
90
68
34
122
141
291
216
268
140
52
138
136
155
129
188
211
98
238
251
285
128
154
39
248
162
201
48
193
243
20
179
234
229
190
74
67
292
249
37
26
93
169
227
13
214
102
295
108
135
159
16
101
182
117
293
22
170
196
60
236
51
275
61
183
235
242
290
213
AFC:219,132,225,27,22,0,8,284,13,120,123,58,56,50,63,93,199,197,191,271,88,112,301,242,100,106,104,32,179,255,180,168,229,164,15,143,274,153,250,158,234,236,45,43,209,77,71,78,260,267
CAF:215,212,218,131,135,26,4,283,125,91,57,52,298,293,290,190,113,84,140,226,172,7,300,245,243,35,259,64,177,253,183,186,196,98,169,166,163,66,19,18,117,273,238,232,46,42,155,201,207,206,148,72,262,276
OFC:214,95,138,21,23,223,28,281,287,127,128,269,59,54,295,198,195,111,3,171,146,304,105,37,246,70,258,176,251,256,248,184,188,228,161,10,220,14,151,156,62,278,230,49,40,87,204,74,154,2,263,126,266
CONCACAF:217,211,130,134,20,29,282,227,124,265,268,51,294,194,67,89,82,305,244,102,107,33,61,178,257,288,249,6,189,185,142,167,160,12,114,152,116,157,90,239,233,1,200,205,208,76,96,270,41
CONMEBOL:210,264,133,139,25,222,285,122,69,53,299,297,292,291,110,83,81,119,85,174,231,303,240,103,39,30,34,252,272,181,187,97,165,17,277,224,280,48,5,202,149,75,79,144
UEFA:216,213,137,136,24,289,286,121,129,55,296,147,193,192,115,80,118,173,141,92,170,302,247,109,241,101,38,31,108,145,94,60,65,175,254,182,221,99,162,11,275,150,159,36,279,235,16,237,86,44,9,203,73,68,261,47