100
300
107
138
217
229
219
65
32
56
305
215
159,207
294
262
46
222
276
214
249
303
129
194
254
325
152
162
199
82
38
109
309
289
64
258
94
144
99
243
271
101
85
193
177
119
256
208
51
192
178
114
200
280
282
283
269
188
11
295
121
111
160
70
161
37
257
135
286
59
57
270
205
279
307
179
23
167
284
321
125
197
201
124
227,204,1
315,151
16
239
34
259
148
213
93
25
136
28
238,71
139
156,236
175
291
110
5
14
128
27
290
206
195
247
49,263
118
63
184
75,96
248
83
233
120
35
241
140
317
174
293
322
7
170
234
0
275,324
180
153
186,323
106
18
169
220
183
187
92
202
252
173
134
108
54
115
112
132
103
265
251
266
163
86
203
8
133
176
302
6
171
42
228,45
198
76
68
274
261
15
313,74
223
226
306
225
296
231,316
48,154
168,267
285
40
62
185
182
308
80
157
9
44
53
212
288
36
164
130
216
146
88
158,277
29
2
26
123
147,278
253
117
145
297
69
21
255
319
224
230
4
298
81
299
31
20
264
150
246
190
24
301
97
116,155
196
287
90,79
52
166
209
12,143,237
211
245
127
17
122
89
41
102
172
3
281
300
33
181
318
142
22
240
260,189
126
67
100
292
244
91
310
218
55
87
61
320
242
19,73
131
47
39
58
50
137
304
141
232
78
43
72
84
165
149
311,98
10,235
104
250
191
13,77
66
210
60
30
272
268
95
221
314
312
105
113
273
AFC:134,20,23,28,29,287,227,13,127,129,295,292,319,312,191,89,112,140,231,170,304,307,245,240,102,100,33,94,176,254,249,183,221,276,166,161,66,314,117,152,67,236,43,40,321,5,203,208,76,71,2,144,262,270,47
CAF:214,215,313,218,133,139,26,0,4,281,122,125,265,69,58,50,298,296,290,199,195,192,111,83,146,92,309,101,38,177,251,257,181,189,97,316,228,164,19,274,153,157,62,239,235,232,86,42,322,9,206,209,79,169
OFC:216,264,132,95,138,225,24,8,284,124,52,63,291,93,147,82,80,119,174,173,141,301,302,244,242,107,104,39,32,252,256,182,186,194,317,98,165,220,12,114,151,158,277,16,45,324,202,205,74,72,267
CONCACAF:211,130,137,21,22,223,282,286,121,123,91,299,293,190,81,172,171,308,305,109,241,103,31,145,70,61,259,179,288,248,180,6,163,14,275,150,159,36,234,230,233,224,48,46,323,320,201,204,149,73,78,263,279
CONMEBOL:210,219,136,25,285,269,57,56,51,53,294,318,198,197,113,118,84,3,306,30,108,35,65,175,255,272,184,188,311,142,315,229,167,160,10,15,116,250,278,90,237,44,325,77,68,154,96,266,41,126
UEFA:217,212,213,131,135,27,222,289,283,120,128,268,59,55,54,297,310,193,115,271,88,110,85,260,226,7,300,303,247,243,106,105,37,34,246,60,258,64,178,185,253,187,196,99,168,162,11,18,143,273,17,156,238,280,49,87,155,200,207,148,75,261,1