100
300
242
271
297
101
36
89
93
202
148
267
264
182
160
292
109
172
224
99
176
61
80
6
180
259
173
62
100
146
186
215
306
211
64
139
154
27
311
70,47
179
288
312
246
192
158
21
165
1
310
199
18,90
184
49,144
257
290
295
42,77
272
305
190
53
201
214
81
24
294
68
23
39
22
189
133
44
183
219
250
140
30
194
276,78
309
25
9
162
150,236
284
223
7
52
96
116,43
198
141,266
178
26,48
20
134
156
233
85
65
255
3
243
228,277,270
88
278
12,314
37
315
204
170
28
125
185
106
73
234
163
41
164
108
225
46
29
142
131
67
147
317
252
98
167
286
174
2
153
296
8
31
119
0
245
300
50
248
217
94
220
195
155
181
210
207,169
136
112
35
200
229
282
262
273
57
19
32
274,5
244
188
97,117,275
63
265
203
303
17,232
208
216
289
161
123
206
304
177
151
86
212
231
281
69
71
87
120
115
191
254
287
118
239
308
15
168
54
268
149
92
4
152,237
95
313
298
197
58,11
51
104
16
72
33
291
129
302
320
249
128
60
240
55
260
82
285
193
157,79
269
316
126
66
280
261
122
187
222
103
91
321
14
230
205
10
159,238
166
127
132
84
283
175
318
34
102
235
227
111
145
256
226
38
253
293
137
83
213
110
74
45,75
13
251
218
135
301
299
307
319
221
322,263
241
105
209
247
76
279
124
40
56
138
121
107
130
171
258
59
196
143
114
113
AFC:211,264,133,136,225,25,22,289,283,120,268,58,50,295,318,83,308,304,241,107,32,30,246,176,249,181,187,194,196,6,162,12,114,143,151,152,157,159,277,36,67,235,44,87,203,68,96,2
CAF:216,138,21,282,287,121,123,125,265,128,53,63,299,319,195,89,111,84,260,170,309,244,106,38,33,60,179,251,255,185,180,98,315,164,10,275,116,278,236,49,42,155,201,204,207,149,75,73
OFC:214,212,134,95,139,24,26,223,0,8,13,122,124,56,51,293,291,192,112,118,174,171,303,307,247,240,104,34,254,253,184,97,142,229,228,160,163,220,66,314,273,17,153,158,234,280,46,43,321,200,76,79,263,270
CONCACAF:213,210,131,137,23,284,127,91,55,52,297,292,93,312,197,190,271,80,226,146,301,306,245,103,101,37,259,65,175,257,182,189,317,168,166,15,14,117,239,237,224,48,86,322,320,9,148,74,71,154,266,1,279
CONMEBOL:215,132,130,27,20,29,285,269,59,294,198,191,193,115,110,81,85,140,172,3,7,92,300,305,243,100,105,31,252,61,177,256,288,183,188,311,221,316,161,18,274,150,156,62,233,202,205,209,77,72,144,261,41,47,126
UEFA:217,313,218,219,135,28,222,4,281,286,227,129,69,54,57,298,296,290,199,147,310,88,113,82,119,173,141,231,302,109,242,102,39,108,35,145,94,70,258,64,178,272,248,186,276,99,165,167,11,19,250,90,238,16,230,232,45,40,5,206,208,78,262,267,169