100
300
269
85
162,233
217
271
305
104
9
312
308
21
65
295
201
179
32
290
165
186
192
273
116,204
288
218
18,49
244
274
122
166
303
246
163
35
291
102
20
307
200
249
270
103
144
150,43
234
114
90
220
278
286
89
284
108
232
13,182
119
38
45
152,267
178
33
113
253
176
86
311
143
126
294
285
128
180
171
22
3
266,47
168
188
84
15
240
80
314
136
101
210
110
118
292
265
276
7
156
8
197
16
107
239
242
28
147
248
224
187
158
310
159
272
68
190
69
72
153
283
198
76
42
225
238
91
139
281
196
184,73
123
177
53
36
206
299
62
160
259
105
296
40
252
164
243
109
134
219
304
99
57
61
25
268
255
51
27
300
54
293
78
193
58
203
124
31
313
222
250
320
170
142
247
221,260
315
66
24
309
275,154,279
23
98
169
95
205
83
19
55
44
262
254
306
10
63
12
257
213
237
214
130
173
211
137
316
64
209
26
37
0
125
115
261
133
149
148
172
287
183
29
174
216
56
87
14,48
229,41
195
5
319
236
34
146
181,208
175
258
289
251
298
256
52
264
129
4
194
282
96
318
50
131
112
81
106
317
245
120
30
71
97,11
161
228
151,235
94
60
100
199
79
117
145,6
138
297
167
189
127
75
212
82
230
226
202
70
227,263
280,74
132
141
302
77
185
121
241
301
231
135
93,2
215
46
92
59
277
1
88
157,155
223
67
191
39
17
207
111
140
AFC:213,218,133,137,24,0,285,121,125,91,58,54,310,193,81,84,226,7,146,231,302,243,103,108,70,60,177,255,249,248,183,189,168,166,11,15,66,114,19,275,239,49,42,320,203,208,154,266,41
CAF:130,138,26,22,289,282,286,13,124,53,296,293,93,271,110,82,140,308,300,242,39,32,65,178,176,257,185,196,221,98,315,229,163,12,143,117,150,153,158,62,67,16,233,224,280,5,200,204,72,263,262,270,47
OFC:214,313,219,95,27,20,223,283,127,50,297,294,319,147,192,89,112,118,172,305,307,107,38,31,272,253,184,142,99,164,160,14,250,277,234,236,44,87,201,206,77,74,2,261,279,267,169
CONCACAF:216,211,131,134,225,25,21,281,287,122,123,268,55,57,298,290,197,88,113,173,170,303,245,247,109,241,100,104,33,37,64,254,182,180,311,97,6,162,18,314,151,116,159,238,230,48,86,1,155,202,207,73,68,78,260
CONMEBOL:212,264,132,135,28,222,4,8,284,227,120,265,128,51,52,292,318,199,195,312,190,111,83,80,119,141,92,301,244,240,102,30,252,61,258,179,175,256,181,187,276,316,165,10,220,17,156,36,235,205,148,75,71,96
UEFA:217,215,210,136,139,23,29,129,269,69,59,56,63,299,295,291,198,191,115,85,174,3,171,309,304,306,101,106,105,35,34,145,246,94,259,251,288,186,194,188,317,228,167,161,273,274,152,157,278,90,237,232,46,45,43,40,9,209,149,76,79,144,126