100
300
292
136
205
105
1
164
231
79
183
119
311
319
28
21
170
120
174
261
227
122
260,18
96
313,17
236
284
250
34
128
282
148
113
141,14,19
154
291
86
193
276
101
55
103
321
91
89
33
151
186
67
252
65
323
190
124
176
139
315
0
72
262
52
286
259
152
8
218
56
188,280
3
210
27
62
215
126
108
267
195
95
46
248
207,266
202,279
182,196,238
289
61
206
127
303
84
43
201
42
213
75
309
66
144
24
60
76
295
49,322,5
198
235,78
80
132
48
318
133
301
45
38
300
212
20
330
138
118
13
302
7
112
296
305
168
274
255
29
102
149
39
123
37
214
328,275,234
324
192
310
240
92
244
273
167
11
31
184,16,40
172
23
4
180,203
270
272
35
9
223
293
257
135
36
54
268
253
226
155
110
230
104
217
314
160
271
116
200
32
2
6
317,326
142,153
147
71
156,158
166
327,47
69
73
265
50
241
247
137
211
281
254
177
26
146
70
175
287
22
325
308
312
245
109
93
187,12
299
59
171
111
129
288
191
316
320
150,44
228
263
179
64
58
221
81
97
277
145
68
30
283
197
264
258
298
224
251
83
237,204
157
306
87
159,239,233
249,74
181
85
290
173
189
331
106
199
163
222
162
219
117,278
185
53
130
225
41,169
220
229
99
10
63
82
178
194
285
297
307
269
88
304
15,329
140
114
90
232
98,208
209
246
131
121
294
242
165
125
77
134
216
107
115
51
243
256
25
100
161
94,143
57
AFC:214,313,219,136,134,225,26,22,0,283,285,123,125,269,58,296,294,147,197,190,192,81,118,92,170,303,243,38,32,65,178,256,187,6,98,165,250,157,277,36,239,49,327,204,77,73,68,144,47,267
CAF:213,133,139,25,20,222,286,265,69,54,57,93,191,112,80,174,7,308,301,305,242,107,39,33,30,61,179,272,253,248,189,311,97,142,315,164,161,15,66,19,117,275,150,159,278,235,224,42,87,323,321,5,201,206,208,72,154,78,261,126
OFC:264,218,132,95,23,223,287,120,121,59,50,299,293,195,312,115,88,110,83,85,140,3,304,100,104,31,34,246,60,259,176,251,254,181,184,167,160,314,156,62,67,234,16,43,40,322,324,9,329,200,203,148,96,270,279,169
CONCACAF:210,211,131,137,27,289,4,8,282,13,122,128,56,52,63,297,291,319,199,310,271,173,141,146,245,109,105,35,94,70,175,257,255,249,182,196,221,276,99,168,229,228,17,153,116,158,90,230,236,86,45,325,207,209,71,41,1
CONMEBOL:212,130,138,24,21,29,284,227,124,268,91,51,53,298,295,292,198,111,119,84,171,231,309,306,247,241,102,103,106,37,145,258,185,183,194,188,316,163,10,220,12,18,274,237,232,280,44,320,155,205,149,76,74,2,262,326
UEFA:216,217,215,135,28,281,127,129,328,55,290,318,193,89,113,82,260,226,172,300,302,307,244,240,101,108,252,331,330,64,177,288,180,186,317,166,162,11,14,114,143,273,151,152,238,233,48,46,202,75,79,263,266