100
300
284
213
15
276,236
330
151
199
41
141,12,75
302
47
146,153
262
190
7
154
161
183
309
251
138
275
49
57
60
117,150
37
82
124
78
120
248
306
331
95
83
156
33
299
192
258
179
118
243
250
69,74
220
277
196
36
143
307
35
38
320
108
134
232
234
70
39
122
308
80
305
54
273
107
313
132
128
172
266
249,322
103
131
215
24
288
255
93
53
209
113
14
241
50
1
227
219
269
158
328
125
278,323
110
42
144
126
16
115
65
45
325
17
210
229
257
20
326
98
216
327
212
198
170
25
175,79
112
135
253
13
281
176,329
123
157
282
142
3
268
256
265
162
116
155
310,260
129
202
200
166
23
167
27
29
264
184
247
92
127
332
46
292
272
87
231
152
177
225
206
174,316
312
56
8
168
194
197
318
119
178
245
64,76
101
261
100
130
30
121
21
0
165
145
287
223
238
195
214
59
294
133
62
94,188,44,68
300
242
139
163
240
63,77
28
311,11
252
224
160
289
315
193
182
207
86
111
43
285
85
102
81
317
180
31
274
9
109
254
99
5
104
71
291
226
164
203
51
106
221,67
181
52
159
18
259
295
22
218
270
137
263
58
303
2
283
314
271
211
235
26
97,6,237
173,279
147,324
267
296
148
149
140
201
293
222,187
4
217
169
114
40
84
191
246
48
34
290
171
228,233,204,96
32
186,10
55
73
105
66,230,280
286
61
90,239,205
72
244
298
185
91
89
208
189,321
136
319
19
301
88
304
297
AFC:213,211,264,132,139,26,128,268,54,57,293,147,110,82,119,92,301,304,243,100,105,39,33,31,65,257,255,288,185,253,181,194,317,6,168,315,229,163,10,220,15,273,151,153,250,159,233,45,321,203,202,77,68,2,270,279
CAF:210,313,225,24,21,222,122,127,59,51,63,294,290,198,195,190,271,88,111,84,85,141,226,3,146,300,306,240,101,107,30,37,246,252,259,178,175,180,187,188,142,228,165,161,12,235,48,44,324,155,329,204,71,96,78,267,126
OFC:217,214,130,137,134,223,28,4,8,284,287,121,125,265,269,55,52,298,292,318,312,89,81,174,171,231,309,244,106,32,70,61,258,179,251,248,189,196,98,114,19,143,275,158,67,16,42,40,5,327,200,208,149,76,73,72,326
CONCACAF:215,133,131,281,282,285,120,124,129,69,328,91,58,291,199,310,193,112,80,140,303,305,245,35,60,176,272,183,186,221,97,167,160,66,18,17,277,238,239,232,49,43,322,320,9,207,79,144,261,266,1
CONMEBOL:216,212,219,136,95,20,23,29,289,0,283,123,53,299,297,295,319,192,115,83,118,7,170,308,242,103,38,34,331,332,64,249,184,311,166,11,14,274,150,157,278,90,234,236,224,86,323,201,209,75,263,262,41,47
UEFA:218,135,138,25,27,22,286,227,13,56,50,296,93,197,191,113,173,260,172,302,307,247,109,241,102,104,108,145,94,330,177,256,254,182,276,316,99,164,162,314,117,152,116,156,62,36,237,230,280,46,87,325,205,206,148,74,154,169