100
300
189
0
278
213
32
306
119
93
98
63
233
36
332
205
12
244
38
202
54
199
34
52
138
281
162,46
179
159
37
335
161
257
173
112
114
204
169
241
28
221
90
268
167
273
57
33
62,217
61,259,225
129,118
133
187
104
163
277
331
22
64
212,117,49
311
175
10
283
284
109
245
190
333
309
184
154
155
315
13
50
188
79,160,280
82
247
246
94
250
253
89
1
294
17,300,304
313,41
182
108
334
254,307
58
326
149
164
130
78,318
145
271
218
316
328
100
323
20
135
243
24
269
68,285
136
11
35
238
19,317
264
143
85
226
141
180
55
286,228
120
322
75,224
198
116
101
297
235
125
232
23
30
172
152
86
262
272
156
74
192
215
330
81
345
240
231
70
142
346
296
291
42
279
305
157,45
146
230
208,47
72,56
210
236
270
329,4
183
342
51,222
91
324,216
181
261
344
177
239
220
127,150
195
191
325
338
102
83
84
197
337
312,5
14
26
174
341
219
178
289
206
123
209
105
103
87
252
310
97
343
29
186
139
106
314,214,211
201
299
249
67
140
128
234
3
274
44
7
319,48
15
290
242
321
95
92
147
251,256
148
131
168
292
171
66,287
77
60
65,288,308
302
137,124
267
39
165
134
327,43
336
153
295
265
176
6
185
107
223
293
207,8,151
113,227
298
258
301
320,71,115
303
76
158
96
166,260
276
170
275
144
255
21
53
193
340
18
27
132
9
237
126,266,110
73
263
282
99
2,122
194
121
59
111
16
196
339
25
200,69,229
203,40
80
248
88
31
AFC:344,296,290,192,275,277,107,104,39,38,34,336,93,94,236,230,1,143,24,27,243,179,175,188,13,14,62,321,329,204,77,72,125,319,311,250,160,162,213,211,284,267,269,59,115,111,118,302,304,223,220,152,157,83,47,42
CAF:342,298,293,276,108,100,32,335,332,6,92,97,239,235,130,134,139,22,82,245,247,173,185,189,17,320,328,205,75,128,310,315,61,64,68,69,256,255,169,163,215,210,288,283,266,268,51,116,119,306,229,227,221,153,158,46,44
OFC:343,299,294,291,194,191,193,271,101,106,31,35,337,330,333,91,96,231,233,135,138,26,20,80,84,7,246,174,182,322,327,202,76,74,122,124,318,316,65,168,167,214,219,280,263,58,55,53,259,110,113,253,307,228,154,159,49,40,41,5
CONCACAF:346,340,295,199,270,273,278,109,103,36,338,331,234,232,140,132,136,21,28,88,181,81,242,176,186,10,16,323,203,209,70,78,123,126,313,3,60,63,254,166,161,9,212,218,289,281,260,265,54,50,52,114,308,309,303,224,151,48
CONMEBOL:345,297,195,197,190,274,279,33,37,339,99,98,90,237,144,142,148,131,29,86,244,240,249,178,172,170,183,11,19,18,324,207,206,71,121,129,317,314,67,251,257,164,217,4,282,286,262,57,301,226,155
UEFA:341,292,198,196,272,102,105,30,334,0,95,238,146,147,145,141,149,133,137,25,23,89,87,85,241,248,177,171,180,2,187,184,12,15,326,325,201,200,208,73,79,8,120,127,312,252,258,66,165,216,285,287,261,264,56,117,300,305,225,222,150,156,112,45,43