100
300
219,53
341
187,4
212
188
79,216
301
90
181
67
316,314,356
240,225
99
84,121,359
363
75
133
223
344
33
105
117
275
192
208
76
334
268
333
27
66
126
63,265,227
296
37
351
77
311,308
284
335
81
338
146
26
257
238
287
214
64,169,285
328
184
23,17
139
249
358
29
350,282
102
162
274
24
6
140
252,161
10
262
206
51,83
267
177,324
360
14,57
250
270
299
48
15,115
170
178
234
191
56
327
310
317
119
190
322,320
200
25
166
164
288
260
82,329
242
21
279
136
174,304
45
205
132
226
87,12
271
143
195
131
224
36
1
186
22
96
230
172
298
152
85
222
264
159
104
272
156
300
340
3,305
339
149
8
153
100
235
74,302
256,116
91
276
163,44
125
151,154
259
348
93
211
88
318
331
86,72,255,42
19,113
167,283
321,354,54,47
101
202
198
95
345
180
232
307
294
330
58
38
343
35
233
244
70
92
349
32
150
11,165
217
204
108
201,40
69
337
220,158
135
280
39
138
98
173
142
78
326
168
30
218,110
237
309,46
196
213
286
0
183
347
253
194
251
290
157
73,128,361,228
207,55
346
176
43
245
62,118
231
247,16
266
141
295
171
7
28,155
189
80
342
199
278
94
179,325
9
13
336
221
332
103
71,122,61
269
109
185
263
293
209,129
297
277
323,65,303,41
127
261
203
229
34
134
97
60
148
357
123
239
313
160
362
291
243,254
319
114
137
312
68,289
193
18
355,5
182
111
106
352,215
281
273
52
31
145
89,246
248,306
175
49
292
147
2
258
210
20
353
120,59
107
241
130
124,315
144
112
236
197
50
AFC:343,299,190,274,278,108,105,39,35,339,337,332,236,144,139,24,85,244,179,176,173,186,11,16,322,329,200,205,72,78,8,123,125,318,67,250,255,166,163,354,350,359,215,288,4,260,264,59,57,309,303,229,150,152,159,48
CAF:296,293,193,272,277,109,102,30,36,336,93,94,237,146,134,138,29,246,240,249,178,174,170,183,187,18,323,327,203,76,71,124,313,3,60,251,164,165,353,358,213,210,284,268,54,53,259,304,227,220,151,157,112,83,47,42,5
OFC:344,345,348,295,292,195,197,270,271,101,107,33,330,96,234,1,145,148,131,130,137,26,89,243,242,175,182,180,184,13,19,324,202,208,77,74,122,128,311,317,360,64,68,256,162,351,216,280,266,52,115,114,253,305,226,222,153,156,41
CONCACAF:347,340,341,298,290,199,194,273,106,104,31,37,331,0,91,95,239,233,142,141,135,22,28,181,80,87,84,7,248,171,188,10,14,62,320,321,328,209,75,120,127,362,252,168,160,161,355,217,214,289,282,261,267,269,58,117,113,300,306,225,224,154,46,44
CONMEBOL:342,349,294,198,191,100,38,335,334,6,98,90,97,235,230,147,140,133,27,21,88,247,241,172,185,15,325,204,206,73,79,129,316,314,361,63,356,212,219,281,285,286,263,262,55,51,119,118,301,307,223,155,49,43
UEFA:346,297,291,196,192,275,276,279,103,32,34,338,333,99,92,238,231,232,143,149,132,136,25,20,23,82,81,86,245,177,2,189,12,17,326,201,207,70,121,126,319,312,310,315,363,61,258,65,66,69,257,254,169,167,9,357,352,211,218,283,287,265,56,50,116,111,110,308,302,228,221,158,45,40