100
300
284
219
57
24
22
283
6
27
272
89
103
242
110
205
76
160
296
88
83
32
101
91
299
306
33
117,49
95,148
119
293
122
312
228
210
10
63
67
138
201
279
214
197
28
193
195
285
309
161
208
52
155
291
111
70
12
289
166
270
157
31
282
139
245
168
313,16,321
15
251
290
310
53
286
237
153
11
146
198
75
47
64
124
61
35
174
114
249,142
180
221
66
152,224
120
218
50
118
48
80
84
192
281
127
318
93
42
314
225
3
273
246
256
303
260
186
104
4
189,14,2
13
268
204
0
68
145
134
26
167
131
62
115
173
121
199
79
71
288
203
51
300
17
129
244
240
271
278
316,41
44
55
109
132
123
276
211
73
295
164
191
298
135
248
223
182
7
102
140
154
259
59
320,267
25
99,236
177
175
159
263
247
307
238,233
37
82
170
253
21
90,207
149
18,250,280
243
30
116
96
141,5
213
269
150
39
261
222
178
77
315
100
215
92
301
158,46
226
176
194
125
254
81
196
220
317
322
23
265
151,43
227
29
275
78
137
60
72
133
56
264
230
107
85
58
212
187
94
179
277
165
258
108
143
105
98,239
19
241
69
136
188
209
231
206
169
287
274
183
144
292
172
74
181
106
65
162,235
308
252
126
9
232,1
190
302
86
54
40
87
266
294
163
34
311,156
217
130
255
128
297
305
36
216
200
257
113
20
319
229
38
234
112
185
262
45
147
171
184,202
97
304
8
AFC:216,136,225,26,23,284,227,120,124,127,268,56,50,298,192,110,80,84,172,7,92,309,302,247,240,38,32,177,255,272,248,181,188,99,165,162,11,12,114,143,158,239,234,233,280,49,44,320,155,201,203,207,149,74,72,68,261,270
CAF:214,210,133,138,21,223,28,289,4,286,129,69,91,51,295,319,312,193,271,81,119,85,260,171,231,300,304,245,109,103,30,35,94,60,64,179,249,180,184,276,142,163,220,19,273,152,157,16,40,200,204,208,77,263,47
OFC:211,134,139,27,20,29,222,281,285,125,265,128,53,296,290,318,147,310,88,89,111,118,170,301,305,243,101,106,145,176,257,183,187,194,196,221,166,160,15,153,116,67,235,230,45,76,2
CONCACAF:313,264,219,132,24,282,123,58,52,63,297,292,198,190,113,112,140,226,146,306,242,31,37,61,259,251,254,97,6,316,98,228,167,10,17,275,150,156,159,278,237,232,46,87,321,202,206,209,71,96,79,78,1,126,169
CONMEBOL:212,213,218,131,130,95,22,8,287,122,269,55,57,293,291,199,195,83,173,141,3,308,303,244,102,105,108,34,246,252,258,65,175,182,186,311,317,168,161,14,18,314,117,36,238,224,86,42,5,148,75,154,144,266,41,279
UEFA:217,215,137,135,25,0,283,13,121,59,54,299,294,93,197,191,115,82,174,307,241,100,107,104,39,33,70,178,256,288,185,253,189,315,229,164,66,274,151,250,62,277,90,236,48,43,322,9,205,73,262,267