100
300
52
323
26
205
250
245
328
142
164
187
2
257
150,230
135
298
244
43
174,183,186
47
29
55
149
279
242
79
167
11,203
129
195
132
290
42
119
285
108
46
297
214
155
105
75
282
275
137
113
273
124
120
191
302
232
243
115
307
5
95
36
222,288,78
161
104
166
144
17
215
63,262
177
178
318
269
165
133
66
88
34
58
53
309
94
249
206
326
176
4
107
317
226
236
319
86
268
227,277
44
217
146
256
10
192
76
300
327,77
103
16
64
241
93,48
126
45
152,159
151
310
291
259
265
308
73
22
170
198
122
117
197
235
89
199
114
70
321
13,90
231
59
200
182,238
158
1
271
175,208
315
62
210
139
266
189,99
82
267
21
213
138
134
258
219
56
254
179
234,224
20
128
80
228
293
31
84
38
110
194
313
91
173,221
311
100
306
112
9
81
127
116,148
220
247
25
281
87
190
264
140,67
255
39
130
292
37
294
172
305
41
35
330
181,153
299
98
207
296
50
125
69
28
156
314,239
169
147
54
180
316
201
329
27
60,96
30
0
233
32
209
3
185
111
287
141
251
211
283
6,325
212
8
322
23
136
202
143
15,19
49
286
320,154
284
123
51
184
252
312
7
118
193
270
218
102
101
188,263
68
289
246
248,237
324
18
131
196
121
40
71
106
160
163
216
278
229
83
97
303
301
253
162
92
72
33
276,261
61,157
168
109
57
280
304
272
274
85
260
295
223
24
225
65
74
240
14
171,12,204
145
AFC:215,211,313,130,137,139,25,22,285,124,91,54,56,51,294,319,111,110,83,171,7,300,305,242,101,106,39,35,179,249,253,189,221,6,315,165,161,15,66,275,150,116,235,280,86,44,5,327,200,75,72,144,261,1,267
CAF:210,218,136,26,283,125,128,58,53,292,198,193,119,85,141,170,308,303,245,241,103,38,32,94,251,180,187,164,167,10,114,314,273,17,153,158,277,90,237,49,45,40,324,204,209,149,74,78,2,266,47,326
OFC:135,27,222,287,129,268,297,295,318,147,197,191,89,112,81,140,3,301,306,243,102,105,30,330,256,255,181,186,98,166,12,19,117,250,157,62,239,67,232,42,323,201,207,77,71,154,262,41,279,126
CONCACAF:216,214,212,264,133,24,20,4,281,8,13,120,127,57,50,296,293,291,195,190,192,115,271,84,173,226,172,304,100,37,108,70,258,175,288,248,183,311,97,142,316,160,274,151,238,230,224,48,87,325,202,148,79
CONMEBOL:217,213,132,131,95,138,225,23,289,284,122,269,69,328,63,298,93,199,312,88,113,82,80,260,146,231,309,302,240,104,31,34,246,60,65,257,254,182,188,196,228,163,220,14,18,152,278,234,46,322,321,9,203,206,169
UEFA:219,134,21,223,28,29,0,282,286,227,121,123,265,59,55,52,299,290,310,118,174,92,307,244,247,109,107,33,145,252,61,259,64,178,177,176,272,185,184,194,276,317,99,168,229,162,11,143,156,159,36,16,236,233,43,320,155,329,205,208,76,73,68,96,263,270