100
300
178
138
2
205
4
110
155
108
85
300
126
88
221
280
173
166
28
201
106
93
198
232
96
53
6
130
135
103
276
118
63
225
170
181
144
76
33
159
249
271
140
287
295
199
133
61
90
298
143
17
71
215
49
102
13
16
152
145,77
52
62
0
51
104
148
154
191
125
105
279
163
270
272
39
228
193
234
247
283
224
7
161
252
87
70
236
83
20
160
92
223
68
207
46
192
21
82
169
227
256
174
107
229
214
203
188
73
115
302
137
15
183
42
290
194
222
237
156
241
286
34
288
147
265
119
122
94
216
208
37
29
240
238
212
291
259
268
10
3
284
81
153
111
86
266
248
293
32
304
38
254
296
182
101
218
273
26
226
5
184
172
175
292
255
72
239
211
202
189
150
146
301
246
165
171
200
44
50
303
185
196
162
157
250
24
23
242
58
66
25
260
204
261
263
190
95
129
285
30
217
167
99
131
31
9,47
45
168
257
114
65
267
98
244
89
245
116
209
100
59
56
264
113
48
78
230
253
84
75
97
149
158
289
54
180
141
179
213
123
136
27
294
277
1
231
35
11
139
74,79
132
64
142,40
120
117
127
109
219
206
210
164
269
186
151
18
258
121
22
19
251
220
134
55
124
299
43,262
177
67
41
243
12
14
80
8
128
60
281
187
282
36
274
275
91
197
176
69
235
195
278
112
57
233
297
AFC:219,133,225,26,29,281,8,282,127,69,54,194,190,89,112,141,92,303,109,243,100,101,35,34,258,179,255,288,98,228,166,167,66,17,278,238,43,209,149,77,76,71,2,47,267
CAF:213,218,135,138,24,28,284,286,227,13,122,265,269,57,50,299,294,147,197,191,84,85,172,3,171,300,106,38,33,246,94,70,61,65,176,249,183,184,6,189,221,161,114,275,116,157,277,234,230,232,86,44,206,75,154,262,126
OFC:216,211,131,139,21,22,222,283,123,129,268,58,55,51,295,292,93,199,193,83,81,119,7,170,304,244,102,107,31,145,60,259,175,248,187,185,165,14,18,273,151,250,156,90,239,280,40,205,208,41
CONCACAF:214,210,132,95,25,289,4,285,125,291,198,192,115,110,80,302,245,240,103,32,108,252,257,272,182,180,97,168,229,164,10,15,19,153,62,279,235,224,48,45,87,1,155,200,203,72,68,263,261
CONMEBOL:215,212,264,136,134,27,20,23,128,91,59,56,52,63,297,293,67,111,174,140,226,301,247,241,105,37,64,177,254,253,181,186,196,99,162,11,12,117,274,152,159,236,5,204,148,73,78,270,260
UEFA:217,130,137,223,0,287,120,121,124,53,298,296,290,195,271,88,113,82,118,173,146,231,242,104,39,30,178,251,256,188,142,169,160,163,220,143,150,158,36,16,237,233,49,46,42,9,201,202,207,74,96,79,144,276,266