100
300
199
128
35
134
300
223
272
113
58
225
254
236
156
212
247
231,158,262
13
180
104
294
252
283
107
141,230
66
6
174
109
152,41
100
198
284
112
248
149
170
296
139
243
8
304
167
68
207
178
203
34
12
79
271
62
197
146
268
122
200
290
273
142
150
126
264
211
281
86
39
309
74
240
183
38
110
99
235
242
52
165
102
301
29
46
204
138
72
239
184
218
7
188
233
24
249
201
186
2
81
161
256
276
160
155
270
71
115
23
44
219
51
88
92
202
121
131
20
108
87
5
4
302
33
28
10
143
31
80
232,40
60
288
0
56
246
157
237
127
293
118
279
106
263
196
69
130
193
208
43
228
32
266
123
83
37
90
307
64
98
257
291
76
221
282
194
190
11
169
148
55
48
70,209
269
15
251
299
136
162
173
305
19
67
250
258
175
244
297
214
278
145
53
105
47
93
36
241
91
111
137
187
135
192
85
82
286
220
255
195
89
289
103
182
97
154
306
65
163
57
259
308
205
18
181
222
30
59
16
151
217
125
116
159
267
14
164
172
226
260
171
229
129
42
132
73
63
287
94,75
166
176
119
114
22
21
224
120
285
253
298
26
277
206
101
274,261
275
168
84
153,144
227
280
191
177
27
216
210
245
25
213
185
96
1
292
303
49
295
140
45
215
234
50
78
17
124
310
61
265
117,238
9,77
189
3
95
179
147
54
133
AFC:217,214,130,139,26,281,286,121,265,268,54,56,298,290,197,190,112,82,173,92,301,305,109,103,100,39,31,37,35,94,61,259,175,256,249,253,181,6,228,164,18,239,234,1,155,203,209,68,78,47
CAF:264,218,136,135,25,22,223,29,283,287,123,128,91,58,299,294,93,194,310,111,110,85,226,171,146,303,241,34,60,177,251,248,99,168,11,220,15,14,114,274,151,157,36,236,280,48,43,200,208,76,72,41
OFC:212,219,132,137,20,0,13,122,125,50,63,292,199,193,115,89,81,170,308,300,247,101,105,32,252,258,178,183,184,97,229,166,10,66,275,158,278,233,86,44,9,204,206,148,149,75,71,2,144,262,270,260,267
CONCACAF:215,210,133,95,21,8,282,129,57,53,296,297,291,195,191,113,80,119,84,140,172,3,307,245,244,240,107,145,64,254,255,272,288,182,185,167,150,159,277,16,237,230,232,224,49,42,202,73,79,266
CONMEBOL:134,138,27,28,289,4,284,227,120,127,269,69,59,55,295,198,147,88,174,231,309,242,108,179,176,187,189,221,276,142,165,160,161,117,17,250,90,238,67,46,40,201,207,96,261,279
UEFA:216,213,211,131,225,24,23,222,285,124,51,52,293,192,271,83,118,141,7,302,304,306,243,102,106,104,38,33,30,246,70,65,257,180,186,188,196,98,169,162,163,12,19,143,273,153,152,116,156,62,235,45,87,5,205,77,74,154,263,126