100
300
93
191
113
137
141
89
250
30
185
226
162
301
46
14
300
81
296
16
77
290
160
12
286
157
288
96
132
294
200
218
142
40
28
1
255
169
7
171
85
29
117
49
210
230
26
239
126
184
224
121
80
79
130
253
227
10
138
102
37
149
280
35
241
275
183
201
251
260
34
252
209
145
70
108
109
284
220
211
114
285
216
134
235
115
19
136
66
110
232
151
208
0
31
118
195
161
97
83
111
283
193
129
72
262
154
156
120
38
214
180
237
153
146
60
23
249
178
86
105
125
228
90
215
59
205
242
196
25
147
18
88
238
273
99
258
54
289
225
44
240
223
55
177
281
270
51
91
144
194
261
65
32
168
248
112
163
221
186
11
159
274
140
24
202
82
123
190
48,45
3
71
42
116
135
243
6
122
246
33
50
206
56
254
84
104
158
278
197
269
107
155
52
170
212
222
4
78
187
295
63
279,267
188
204
203
152
291
128
192
166
189
53
257
263
305
87
303
247
276
298
127
131
103
58
199
292
148
299
100
22
13
9
236
213
95
304
233,74
67
175
176
119
150
57
17
174
47
39
64
271
231,207
167
15
259
234
68
124
181
8
219
302
287
20
69
21
229
133
268
43
272
94
264
139
62
198
277
164
256
244
76,41,266
27
297
173
75
143
5
106
2
98
165
293
182
36
217
245
73
172
265
282
101
179
92
61
AFC:214,211,130,136,95,25,28,0,8,121,58,50,52,63,299,295,198,147,191,115,81,118,226,172,305,247,240,102,108,70,258,176,288,169,161,220,14,157,36,279,230,44,40,87,155,205,77,276,126,266
CAF:216,210,139,23,4,286,122,127,59,56,51,292,93,197,192,88,111,83,300,304,100,105,39,32,30,37,259,178,249,253,183,187,229,11,117,273,153,159,278,239,16,280,9,202,206,148,79,2,261,267
OFC:219,133,131,138,225,21,29,222,283,284,287,13,124,57,53,293,112,171,231,92,303,101,106,34,145,246,65,179,255,184,6,188,196,142,164,167,274,152,116,62,238,48,45,200,74,71,263,270,260
CONCACAF:217,213,132,135,134,26,20,282,285,125,265,269,298,294,199,194,67,113,82,119,174,7,244,243,104,31,60,251,256,272,182,186,97,168,228,162,12,17,150,277,90,237,233,49,46,1,207,208,73,72,154,144,262,41
CONMEBOL:215,212,24,27,22,227,120,129,268,54,290,291,195,190,271,80,84,85,140,173,3,146,301,107,33,94,252,61,177,248,181,189,221,99,166,160,10,15,66,114,158,236,232,42,201,76,68,96,47
UEFA:264,218,137,223,289,281,123,128,69,91,55,296,297,193,89,110,141,170,302,245,109,241,242,103,38,35,64,175,257,254,180,185,98,165,163,19,18,143,275,151,250,156,234,235,224,86,43,5,203,204,209,149,75,78