100
300
205
272
68
103
252
150
244
130
132
127
270
176
296
5
279
44
160
31
45
11
0
28
3
135
99
82
263
56
59
271
60
98
309
83
27
254
90
26
250
25
65
222
4
282
214
123
233
39
71
33
173
54
97
179
256
301
202
74,47
8
120
134
156,208
29
23
117
52
118
81
106
48
41
24
140
184
281
264
110
306
19
182
88
234
50
17
196
300
79
289
169
209
67
258
152,1
159
139
104
147
146
283
287
298
273
86
124
133
302
128
239
226
189
32
177
112
174
53
165
77
49
183
291
51
231
308
259
64
194
278
167
238
18
253
191
85
136
288
225
36
243
265
170
126
80
199
275,73
307
235
240
297
203
13
261
107
216
21
294
249
166
37
204
193
247
40
149,78
101
255
145
237
260
213
290
195
185
162
94
269
242
108
143,116
96
141
293
154
245
305
57
75
15
121
105
192
303
262
172
251
148
201
102
109
164
246
274
221
93
257
180
223
111
210
35
218
228
129
198
236,224
187
14
43
207,144
186
227
163
114
58
266
100
9
277
248
219
92
89
2
217
190
137
197
151
220
66
113
230
122
285
215
131
10
22
72
138
38
161
62
157
70,142,158
206
171
304
155
6
276
61
284
42
76
91
286
87
55
12
34
153
16
7
178
200
20
188
30
181
299
115
168
212
268
232
229
241
125
292
175
119
84
280
95
69
63
46
295
267
211
AFC:214,213,210,130,137,139,225,26,223,284,123,265,69,91,59,54,63,295,194,190,88,113,83,118,172,7,146,300,303,306,109,242,102,104,39,246,256,253,180,185,169,165,162,15,18,143,275,153,156,239,235,43,5,203,205,74,270,47
CAF:212,135,27,21,22,4,283,120,129,269,55,294,291,199,191,115,84,173,226,231,309,301,100,106,258,288,181,184,196,163,10,220,117,151,277,36,49,44,40,207,79,144,261
OFC:215,264,132,95,25,286,124,125,128,58,52,192,89,110,119,171,170,302,304,38,30,35,65,179,255,272,249,248,187,99,229,14,66,159,238,234,16,46,86,1,9,201,209,77,154,276
CONCACAF:217,211,219,133,138,20,222,289,281,57,50,299,292,271,111,81,92,308,305,307,247,243,101,105,32,31,37,252,61,64,178,176,257,188,142,228,166,160,12,152,158,278,90,237,233,45,87,202,208,148,71,68,78,260,126
CONMEBOL:216,136,23,28,0,8,287,121,56,298,293,198,147,197,67,112,80,85,174,140,3,245,240,33,108,94,60,259,177,251,254,182,189,98,164,11,19,273,274,116,157,62,232,224,280,48,42,155,204,75,73,96,262
UEFA:218,131,134,24,29,282,285,227,13,122,127,268,51,53,296,297,290,93,195,193,82,141,244,241,103,107,34,145,70,175,183,186,6,221,97,168,167,161,114,17,150,250,279,230,236,200,206,149,76,72,2,263,41,267,266