100
300
155
184
53,317
214
273
271
138
88
231
253
6
36
290
10
276
61
116
189
252
13
306
26
227
198
82
164
303
93,96
15
312
4
309
177
134
167
186
224
56
83
246
81
243
98
223
187
68
17
27
289
216
173
264
65
150
160
141,249,267
220
162
193
226
89
33
38
154
7
199
145
305
120
165
92,266
257
1
232
117
21
215
188
201
296
105
225
44,260
48
292
211
135
110
281
308
185
190
69
29
115
311
114
168
74
66
280
287
181
269
178
60
302
8
130
131
179
240
55
24
180
237
45
146
147
139
0
94,275,238
101
52
19
213
254
31
295
23
228
99
22
272,5
3
244
102
73
158
51
250,261
97
242
282
112
32
25
140
72
195
143,156
39
183
230
50
157
62
54
152
313
212
137
277
119
149
87
90,234
221
67
57
118
256
76,263
126
86
174
47
35
172
9
46,169
268
286
207
95
125
210
265
204,270
255
310
259
18
258
301
103
80
206
106
42
191
304
318
247
2
262
159
300
200
129
218
59
314
34
128
319
279
14
111
100
127
320
20
91,239
104
205
298
217
182
235
142,316
11
278
299
85
291
248
107
229,79
144
121
251
12
208
63
77
28
124
153
176
70,75
236
132
170
43
133
202
166
192
58
109
41
108
122
285
315
284
161
136
78
30
163
175
37
123
245
113
40
297
288
294
71
283
233
84
274
222
203
64
151
307
196,148
241
49,209
219
171
197
194
293
16
AFC:217,210,133,22,29,4,8,282,125,127,55,299,318,147,111,110,80,140,92,305,243,102,31,108,34,246,60,177,288,249,253,183,194,196,97,276,317,98,168,15,117,151,152,36,237,230,40,87,72,154,144,262,270
CAF:215,212,130,139,225,21,28,222,0,285,284,287,227,124,54,297,291,319,197,271,119,174,3,309,306,247,109,103,32,30,145,255,180,186,315,162,163,11,66,274,17,250,159,90,239,280,86,45,202,209,148,71,96,78,263,266,41
OFC:218,131,135,138,27,20,283,123,129,69,58,53,298,292,93,199,310,190,192,118,84,226,304,244,104,61,176,251,256,248,181,187,311,6,316,228,220,143,275,158,277,238,16,236,43,208,75,74,2,260,47,169
CONCACAF:214,213,264,136,26,223,281,122,91,59,57,51,63,295,293,290,193,112,85,170,303,307,240,106,39,259,175,257,184,189,229,165,160,12,153,116,157,235,9,200,203,207,149,77
CONMEBOL:216,211,313,137,95,25,289,286,13,128,268,56,294,115,83,173,171,146,231,301,245,241,100,105,37,35,94,252,258,64,179,188,221,142,166,161,19,314,62,67,234,232,48,44,155,201,76,267,126
UEFA:219,132,134,24,23,120,121,265,269,50,52,296,198,195,312,191,88,89,113,82,81,141,172,7,308,300,302,242,101,107,38,33,70,65,178,254,272,185,182,99,164,167,10,14,114,18,273,150,156,278,233,224,49,46,42,1,320,5,205,204,206,73,68,79,261,279