100
300
296
89
195
323
124,285
129,260,59
165
213
6
63
36
54
170
162
136
30
138
184
209
101
8,218
171
2
145
158
79,40
49
118,152
239
231
177
3,284
271
226,157
76,125,4,281
88
200
334
55
243
187
189
168,264
290
245
17
234
333
332
328
202
69
304
14
259
61
324
52
316
83
270
198
248
207,41
274
65,251
90
139
19
45
340
194
178
27
103
221
39
23
128,308
169
75
342
225
150
214,267
292
155
81
176
188
175
20
272
269,229
210
294
161
148
84
300
106
318
227
47
130
282
295
335
186
86
246
252,156
205
64
283
149
232
43
244
104
325
71
28
73,48
24
25
338
21
105
0
191
265,305
147
9
223
1
256,268,58
92
242
74
143
196
339
173
60
330
293
211
190
192
262
258
273
266
183
77
219
298
146
159
174
250
153
199
116,302
15
95
247
203
301
32
10
206,126
278
110
22
99
98
137
228
322
329
172
299
97
33
123
310
100
291
277
167
115
237
181
315,212,44
151
80
255
82
121,257,114
185
319
275
29
34
132
140
331
249
224
50
102
236
131
18
289,280,56
26
216
31
241
72,166
67,261
287
313
127,68
94
235
253
51
144
13
164,119,42
337
297
220
117
120
38
85
46
307,154
336
163,263
179
217,303
57
208
279
7
230
311
312
288
204
108
320
180
240
16
96
78
5
141
327
62
341
197
193
91
286,53
254
321
317,314,309
182
238
201
134
215,111
107
113
112
70
93
66
109
326
87
160
122
306,222
233
35
135
276
11
142
37
133
12
AFC:342,297,291,198,190,270,106,107,104,39,31,37,332,91,94,239,233,144,140,134,24,22,181,81,87,246,177,170,182,14,328,205,204,73,71,122,124,319,311,60,258,66,167,213,288,280,266,59,50,110,113,119,303,224,222,43,41,5
CAF:298,294,295,273,276,109,100,105,38,337,331,92,238,230,147,143,130,135,139,27,80,241,179,178,175,184,188,17,62,320,327,200,208,77,121,315,65,68,251,255,168,160,163,217,289,4,285,262,268,58,51,115,308,223,153,156,42
OFC:341,290,199,192,102,32,36,6,90,97,237,232,141,148,133,26,20,21,82,85,243,248,173,183,12,16,326,201,75,79,125,129,318,310,3,61,67,169,215,210,211,281,283,263,261,267,54,114,117,302,307,228,221,155,154,159,48,44,40
CONCACAF:0,292,195,191,271,274,275,108,101,30,35,338,330,333,96,234,236,146,142,131,136,25,88,86,247,242,172,180,185,10,19,18,323,324,203,206,76,70,123,316,314,252,63,164,161,162,9,212,286,260,265,55,53,116,300,306,226,220,150,83,46
CONMEBOL:299,296,293,197,193,277,279,33,339,334,99,93,132,137,23,28,89,245,240,249,174,2,186,13,15,325,202,207,74,8,127,312,317,69,257,165,214,219,284,264,269,57,52,111,253,118,305,229,225,152,157,49,45
UEFA:340,194,196,272,278,103,34,335,336,98,95,235,231,1,145,149,138,29,84,7,244,176,171,187,189,11,322,321,329,209,72,78,120,126,128,313,64,250,256,254,166,216,218,282,287,56,259,309,301,304,227,151,158,112,47