100
300
178
134
1
55
213
18
247
304
172
324
162,220
215,4
152
159
67,285
227
121
230
235
195
218,283
194
53
177
333
202,219,41
253
347
37
16
59,114,303,228
94
105
289
321,45
100
237
248
341
90
207
225
354
203,116
179
326
346
280
334
115
330
32
27
130
171
34
234
222
19
269,157
74,64,111,153
302
95
273
124,224
128
323
204,355
223
6
332
82
311
239
320,255
340
99
277
38
229
83
241
11
276
294
147
328,356
182
91
214,51
193
9
154
89
110
138
242
39
29
25
331
312,61,212
68,217,150
238
231
7
284
243
70
144
170
129,261
75,313,113
258
246
106
318
262
337
108
314,40
343
148
139
281
201,47
205,252,266
249
84
103
322,48
216
226
8,54
192
290
136
21
36
181
338
92
275
13
184
72,166
135
353
296
123,52
49
31
257,301
344
268
142
79
339
24
327,256
288,155
43
250
163,117
350
191
131
58
211
309
279
22
349
149
33
325,264
76
189
63,56
60
164,165,46
2,119
174
298
12
169
77
126
120
263
62
271
101
348
260,44
297
209
141
102
5
244
65
278
97
167
14
329,118,307
26
196
30
272
233
316
23
133
156
282,221
317,151
161
315
107
85
109
200,287
190
188
160
351,308,305
208
17
42
292
173
206,300
232
197
259
180
127
291
295
73
175
352
35
185
3
187
20
265,112
183
342
306
93
198
176
69,158
143
274
293
310
86
122
270
240
10
299
87
28
132
88
50
335
168
145
98
251
66,210
286
336
236
78
81
80
71
57
146
0
267
319
199
186
137
140
345
96
104
15
125,254
245
AFC:346,297,195,197,274,101,107,38,330,90,94,239,231,146,145,148,133,136,20,28,242,179,175,184,326,205,209,70,128,310,65,69,255,169,351,216,218,288,282,262,261,268,58,50,115,253,119,304,153,159,83,46,41
CAF:347,341,190,272,278,103,105,37,333,0,91,95,234,237,232,144,131,137,7,245,177,173,189,10,17,321,325,202,73,124,126,319,314,67,256,165,356,212,219,285,287,263,269,53,116,110,308,300,225,155,157,45,42,5
OFC:344,345,343,292,199,196,192,279,106,39,32,35,335,99,233,142,132,139,26,22,87,244,241,170,180,2,188,14,16,62,322,329,204,207,208,71,78,120,311,317,68,250,166,163,353,215,283,265,54,52,259,117,118,302,307,226,221,152,158,48
CONCACAF:296,191,271,275,108,100,33,339,334,337,6,93,236,230,1,143,138,24,29,88,82,80,84,247,248,174,182,187,11,18,324,200,77,74,123,125,318,313,252,63,66,257,168,164,9,354,350,214,211,289,281,267,264,55,113,305,223,222,151,154,49,44
CONMEBOL:340,349,298,295,291,194,276,104,30,36,332,98,92,238,147,141,130,27,23,89,246,249,178,172,185,12,19,323,320,201,206,72,79,8,121,129,315,64,251,254,160,352,213,4,286,260,266,59,57,51,114,309,303,229,220,150,47,43,40
UEFA:342,348,299,294,293,290,198,193,270,273,277,109,102,31,34,338,336,331,97,96,235,140,149,135,134,25,21,181,81,86,85,240,243,176,171,183,186,13,15,327,328,203,76,75,122,127,312,316,3,60,61,258,167,161,162,355,217,210,280,284,56,111,301,306,228,227,224,156,112