100
300
59
42
277,2
149
12,261
128
185,1
50
113
184
116
228
182
306
234
287
174
260
258
54
11
17,232
129
63
259
180
242
212
148
179
78
39
321
173
214
301
244
105
204,79
316
216
322
65
22
283
145
24
151,230
195
28
313
86
248
252
104
303
3
58
158
272
194
208
219
109
66,46
124
239
133
203
33
213
15
64
100
207,279
154
120
159
26
166
271
237
273
188
227
320,74
32
305
101
126
55
138
225
139
164
276,314
157
21
296
83
315,220
229
161
127
14
169
8
265
210
177
215
289
288
121
304
292
290
155
221
307
117,5
106
256
241
89
223
56
294
60
286
37
249
7
40
238
57
134
309
114
80
84
298
233
308
189
75
183
76
262
18
115
72
38
107
0
143
103
49
300
71
140
285
35
246
93
270
137
131
97
53
266
142
47
99
165
123
319
111
23
187,280
162
146,19
198
217
69
150
318
170
16,44
284
102
231
240
222
45
36
218
254
302
250
274
297
201
264
243
25
267
163
135
197
206
87
13,152
310
200
91
295
251
95
278
125
92
186
68
110
29
178
167
67
31
118
4
61
98
20
172,275
181
253,263
119
81
73
281
205
77,144
176
245
193
130
257
122
192
199
171,202
30
85
255
6
108
269
175
235
211
51
196,317
136
88
247
311
9
52
147
70
312
282
62
168
82
90
43
160
41
209
156,236
299
291
96
27
226
191
224
10,153
190
94
132
112
34
268
48
293
141
AFC:215,218,132,26,284,13,121,128,69,54,63,295,290,318,199,312,190,113,83,146,302,104,38,33,108,246,61,176,251,253,181,97,142,98,168,161,162,11,152,157,235,16,224,48,49,87,204,78,270,1
CAF:216,210,131,136,22,222,0,123,56,51,297,293,291,195,112,81,260,171,231,305,247,101,107,32,35,145,94,60,65,179,256,272,184,189,166,10,12,18,314,117,151,156,90,239,44,42,201,207,77,68,267
OFC:213,133,138,24,283,120,124,91,52,299,294,93,319,310,191,115,271,174,173,141,226,304,245,106,31,70,259,255,288,185,182,196,221,276,6,99,228,164,14,17,250,62,36,278,238,234,230,232,280,45,43,155,200,205,148,76,2
CONCACAF:212,219,130,225,23,28,4,281,8,282,127,59,53,197,193,88,111,84,170,303,307,109,243,242,102,34,252,258,175,188,311,315,167,160,143,274,153,237,208,75,71,96,144,262,266,279
CONMEBOL:211,135,134,95,21,223,29,285,286,265,269,58,55,296,198,147,89,110,80,118,85,140,172,309,301,306,244,240,103,100,39,64,178,257,248,183,180,187,316,163,220,66,19,273,116,158,67,236,46,86,40,322,320,5,203,209,79,261,126
UEFA:217,214,313,264,137,139,25,27,20,289,287,227,122,125,129,268,57,50,298,292,192,82,119,3,7,92,308,300,241,105,30,37,177,254,249,186,194,317,229,165,15,114,275,150,159,277,233,321,9,202,206,149,74,73,72,154,263,41,47,169