100
300
238
47
120
162,11
239,232
128
324
214
105
20
95,66
213
217
273
114
137
316,77
142
89
146
234,75
233
225
133
61
237
56
126
304
219
301
7
318
288
212
163
152
149
72,78
34
127
322
296,229
206
42
60
58
136
26
24
196
211
300
68
123
173
274
254
140,184
63
83
311
227
97
207
38
52
29
282,272
204
118
155
230
241
159
303
109
255
256
73
37
317
143
177
111
191
93,277
48
10,321
210
46
286
132
106
30
96,2
103
33
92
41
135
117
260
54
70,99,250
43
101
165
107
265
192
257
294
100
197
81
119
9
268
122
263
218
12,16
98,49
87
160
245
53
158
17
271
182
50
298
323
193
284
27
88
179
190
195
55
129
281
79
231
28
327
328
319
25
194
69
275,74
308
252,187
76
247
198
309
151
64,325
44
285
276
90,148
221
200
175
236
226
215
332
267
270
139
259
262
45
31
8
82
36
85
138
312
299
102
246
112
57
240
19
147
326
141
170,1
333,315
164
3
306
22
258
297
153
248
330,71,279
302
150,205
235
242
0
21
222
4
65
186
115
174
293
167
169
62
278
86
216
305
329
131
178
201
244
261
180,116
59
220
185,314,320
145
289
168
51
313,18
203
310
108
84
172
91
223,144
224
35
121
171
110
269
124
5
23
130
6
189
113
13,181
290
243
32
251
331
125
295
208
292
15
39
249
14,202
161
67
94
280
287
176
291
253
80
188
154
266
156
209
104,183
134
283
307,228
264
40
157
166
199
AFC:216,95,139,26,27,0,282,123,129,269,69,51,63,297,318,147,195,312,271,112,82,119,226,172,92,308,300,247,108,35,34,259,177,288,186,6,163,11,66,18,153,238,235,155,200,205,262
CAF:218,219,132,137,24,21,23,284,124,59,55,50,291,319,310,111,83,118,141,3,302,103,105,38,60,176,257,255,249,182,194,188,196,317,99,162,10,274,151,90,239,16,230,236,49,44,42,204,209,76,267,169
OFC:214,210,211,130,136,20,4,281,283,287,13,121,265,128,56,52,298,294,292,89,110,84,140,171,146,306,307,243,106,104,246,70,330,256,272,248,183,181,189,315,229,166,220,116,156,159,62,277,233,86,323,201,203,75,96,47,279,326
CONCACAF:212,131,22,222,289,120,58,54,296,290,198,191,192,88,81,85,174,260,304,245,242,101,107,31,30,252,332,61,179,187,98,168,228,164,12,14,114,143,314,273,250,36,67,232,46,43,321,5,324,329,206,149,74,71,263,270
CONMEBOL:215,313,135,134,25,29,285,227,122,268,299,295,293,93,199,193,113,80,173,7,305,240,102,33,37,94,331,333,64,178,251,253,184,311,221,276,316,167,161,15,19,158,234,280,45,40,322,320,327,9,207,148,77,144,126
UEFA:217,213,264,133,138,225,223,28,8,286,125,127,328,91,57,53,197,190,115,231,170,309,301,303,244,109,241,100,39,32,145,258,65,175,254,185,180,97,142,165,160,117,17,275,150,152,157,278,237,224,48,87,325,202,208,73,72,68,154,79,78,2,261,266,41,1