100
300
94
348
39
105
170,219,156
330
301
18
297
245
115
346
79
237
30
74
88
124,161
114
240
294
270
257
281
144
356
315
34
51
134
183,352
200,362
208
247,312,303
164,285
35
70,48
137
123
361
135
276
279
363
264
360
273
175,14
274
54
118
194
33
103
252
96
86
31
181,126
136
364,212,116
121
16
19,43
172,201,280
327
85
38
231
106
241,289
311,64
176
293
366,167,359
109
255
284
275
165
342
100
198
21
217
72
147
67
47
174,182
188,8,169,50
95
81
59
130
216
3
22
140
199
84,326,262
143
291
138
55
42
196
345
190
87
304
180
83
343
154
325,113
28
71
171
108
328,253
229
129
334
347
89
162
350
207,44
319,110
97
271
107
1
189,128
211
5
338
244,320,258
202,225
76,163
82
15,158
68,69
62
227
332
125
246,222
213
242,307
27
209
269
146
316,150
235
193
287
61
151
4
187,75
139
344
261
238
65
49
243
142
63
317,221
145
2,56
141
230
224
195
355
263,220
299
234
104
132
259
184
283
339
0
333
119
205
265
204,168
24
295
266,111
218
260
256
331
92
292
349
66
25
203
26
77,53
177,60
93
323
357
337
73,306
149
36
282
296
117
335
232
57
298
308,302,45
157
112
365,9,268,226
148
99
191
286
98
13
90
290
186
120
10
277
318,354
37
322,310
267,153
314
215
351
122
250
313
133
223
102
127
17
192
179,58
340
6
300
336
214
20
228
40
272
7,254,305
32
173
248,358
78,309,41
239
178,206
236
23
46
185,12
197
324
353
159
341
131
166
91
210
251,152
101
155
321
29
278
233
52
11
288
249,160
329
80
AFC:345,343,298,197,191,279,103,107,35,336,90,97,239,230,233,145,134,25,21,29,81,245,172,170,2,11,321,327,73,79,123,127,313,316,3,362,60,258,66,250,160,351,358,216,210,219,289,286,264,268,54,115,114,304,307,46
CAF:347,341,292,196,271,277,109,104,32,34,333,99,231,147,143,132,137,138,23,86,84,241,248,176,174,180,186,187,17,324,205,208,71,78,8,122,311,317,364,360,63,256,163,9,352,359,215,281,263,56,52,300,303,229,224,221,150,45
OFC:342,349,294,295,193,272,276,102,105,31,37,338,334,331,0,93,95,237,232,146,133,139,27,22,181,87,85,242,249,175,185,62,329,204,207,75,72,120,129,312,361,65,254,356,217,214,213,283,260,267,59,53,116,110,119,306,228,151,157,159,43,5
CONCACAF:346,297,290,199,194,273,278,108,36,335,91,92,94,238,235,1,142,141,148,28,244,177,173,171,183,188,12,14,16,19,322,326,325,202,77,124,128,319,314,363,61,69,251,164,167,357,354,212,4,284,261,266,51,117,309,302,225,220,152,155,47,41
CONMEBOL:340,348,299,293,192,275,100,39,33,339,330,6,96,236,140,149,131,136,26,20,88,82,247,243,179,182,189,15,328,200,203,209,76,70,125,318,310,366,252,64,67,257,166,161,350,282,287,265,269,57,50,111,113,301,305,226,222,154,156,42
UEFA:344,296,291,198,195,190,270,274,101,106,38,30,337,332,98,234,144,130,135,24,89,80,7,246,240,178,184,10,13,18,323,320,201,206,74,121,126,315,365,68,255,168,169,165,162,355,353,211,218,288,280,285,262,58,55,259,253,118,308,227,223,153,158,112,83,48,49,44,40