100
300
116,209
130
164
57
180
129
11,326
107
291
125
104
34
304
257
254
266
173
101
278
26
98
51
203
93
331
183
36,263
117
135
300
94
193
105
305
21
118
106
81
272,230
267
115
52
82
217
307
147,314
92
197
321,73
167
297
20
6,158
213
8
212
309
138
109
219
74
214
126
29
91,275,76
176,232
113
88
280
285
296
149,75
108
25
16,202,68
299
338,152
255
181
102
330
15
38
288
151
249
273
136
276,168,46
262
44
295
123
120
274
2
311
111
284
39
185
17
187
86
210
207
170
133
150
174
83
231
175
146,35
153
141
5
12
190
7
277,79
69
211
334
61
1
178
179
323
283
301
55
124
40
165
10
268
99
137
0
110
250
131
315,67
97
30
112
59
50
337,70
37
216
89
234,224,208
189,42
47
43
205
148
143
128
22
184
333
318
221
134
45
54
161
122
244
225
247
162
196
282
339
163
127
289
253
155
199
245
237
215
33
100
23
66
90
322
242
223
241
336
227,159
265
14
317
201
65,316
188,329
144
95
140
261
246
240
236
335,169
32
303
302
271
200
312
306
41
218
235
145
287
18
320
194
182
31
177
258
192
251
80
260,233
121
294
292
166
72
290
87
319
195
204,96
49
332
160
84
103
229
186
142,62
310
264
114
139
191
239
71
13,172,60,270
77
238
259
298
3
157
56
48
324
308
64,154,279
222,228
281
248
171
132
9
293
206
269
63,19,325
328,220
53
226
85
256
28
27
58
119
286
313
252,78
24
156
327
4
198
243
AFC:214,211,218,136,135,24,8,282,122,57,51,295,290,199,193,271,88,110,113,82,141,226,309,300,305,244,103,39,34,252,330,332,60,259,64,177,175,185,97,6,142,316,228,19,117,151,153,250,277,237,49,322,206,74,71,47
CAF:210,219,132,138,27,223,284,127,268,56,53,298,191,112,81,303,306,242,100,31,335,65,272,253,248,181,184,196,98,315,164,160,11,12,143,274,17,275,150,116,156,238,230,232,44,320,202,75,78,262,41,1,267,326,126,169
OFC:215,130,225,25,20,0,281,120,125,50,299,293,198,89,80,85,174,140,172,146,231,247,240,106,104,38,30,108,333,258,257,254,288,182,186,194,189,276,99,165,162,14,114,314,273,48,5,327,205,209,148,72,68,263
CONCACAF:216,212,313,133,137,26,289,285,13,121,129,269,69,91,297,291,318,147,192,115,111,118,84,173,260,302,304,243,105,32,339,334,61,179,187,311,168,166,18,159,36,239,67,224,45,40,323,9,329,201,203,149,76,154,96,2,266
CONMEBOL:217,131,95,139,23,222,287,123,265,59,54,296,292,319,197,310,190,3,171,307,101,107,35,246,336,331,176,180,188,317,229,163,10,220,66,152,158,62,90,16,236,233,280,46,86,42,321,155,207,77,73,144,261,279
UEFA:213,264,134,21,22,28,29,4,283,286,227,124,128,328,58,55,52,63,294,93,195,312,83,119,7,92,170,308,301,245,109,241,102,33,37,145,94,338,337,178,251,256,255,249,183,221,167,161,15,157,70,278,234,235,43,87,324,325,200,204,208,79,270