100
300
190
230
98
59
278
236
175
3,117
143
130
257,115
90,152
110
30
247
167
10
36
89
0
27
270
38
253
174
299
310
184
263
264
58
312
99
126,283,114
214
124
132
302
140
210,303,46
142
181
165
31
34
69
4
170
276
318
298
79
325,316
113
147
272
223
8
5
50
28
291
271
232
189
21
340
339
245
188
228
151,43
304
127
249
177
301
334
315,44
198
262
287,111
234
171
136
168
273
83
180
275
293
281
292
337
259
123
134
307
84
144
331
128,158
145
239
62
68
52
255,166
108
329,224
80
330
277
139
23
225
70,60
306
156
186
258,289
77
148
290
72
17
155
207
104
265
66
213,268
221
191
163,51
161
241
323
105
63
2
133
20
279
192
326
33
91
32
71,159
260,150
97
320
129,216
201
101
25
248
204,54
296
112
336
61
172
333
341
194
282
235
313
37
85
138
178
67
182
149
45
119
254
6
64
342
195
211
179
39
317
18
55
233
250
200,212
309
335
294
176
92
274
19
280,48
102
9
122,251,256,305
107
231
206,74
343
199
153
321,169
40
297
137
42
229
88
16
285,227
131
338
243
217,267
81
100
218
26
160
205,286
237
1
185
103
327,73,164
47
332
13
78
11
314
244
322
86
197
109
209,208,121
22
219
106
173
157
76
57
65,300
120
75,118
14
240
187
238
162
56
7
311,266
93
87
203,154
24
96
135
146
328,202,252
222
141
288,226
308,49
116
183
242
269
53
82
12
15
125
95
193
215
319
220
246
94
261
35
196
41
324
29
284
295
AFC:343,292,194,274,278,108,103,104,39,31,333,99,90,239,235,230,148,132,138,25,21,7,240,248,172,170,189,12,15,18,321,328,202,207,209,78,122,129,318,311,315,65,69,251,168,161,214,219,4,284,264,268,55,259,117,113,308,301,156,83,43
CAF:340,291,195,190,102,107,38,34,332,6,95,236,140,141,131,139,29,89,85,247,243,249,178,174,187,184,17,326,201,205,75,71,123,316,64,165,163,216,210,283,260,265,59,56,50,114,119,302,305,226,155,45
OFC:341,297,294,290,198,192,271,277,105,30,37,335,330,94,97,233,1,142,130,134,27,81,86,245,173,171,182,180,10,16,322,325,203,204,76,72,124,313,317,3,60,258,255,169,160,217,212,285,51,53,229,223,153,112,48,46
CONCACAF:342,298,296,196,270,273,100,33,36,334,336,91,237,145,137,136,22,28,88,82,181,80,246,242,177,188,13,62,323,74,125,128,319,68,250,257,167,162,9,211,281,286,57,110,253,118,300,306,228,220,150,157,47,41,5
CONMEBOL:0,293,197,193,272,276,35,339,331,93,96,234,231,147,144,133,26,244,175,186,185,19,324,329,200,208,77,70,8,121,127,310,314,63,67,254,166,213,218,288,280,282,263,261,267,54,115,309,304,225,222,151,154,49,44
UEFA:299,295,199,191,275,279,109,101,106,32,338,337,98,92,238,232,146,143,149,135,24,20,23,87,84,241,179,176,183,2,11,14,320,327,206,73,79,120,126,312,252,61,66,256,164,215,289,287,262,266,269,58,52,116,111,303,307,227,224,221,152,159,158,42,40