100
300
138
50
18,230
121
255
45,73
271
251
234
158
129
189
135
74
8
286
215
16
20
294
126
40
183,317,143
2
316,15,90,263
272
266
88
306
95,153
248
222
193
261
305
79
202
69
313,92,207
65
89
216
28
210
114
118
120
226
21
287
165
265
12
51
276
161
280
198
275
112
169
257
125
315,96
309
68
10
239
181
199
307
164
100
180,148
167
231,168
81
49
268
93,14
277
61
133
228
260
9
84
278
105
19
5
249
154
110
206
160
35
318
113
232
11
279
13
159
58
149
284
217
264
82
245
48
76
171
205
289
75
237
70
240
131
174
227
274,152,72
194
238
303
134
298
166
295
146
292
322
127
6
233
213
203
36
142,157
259
44
283
145
140
187
30
22
71
172
87
190
301
182
155
137
191
262,1
27
78
59
208
253
29
224
97
173
185
302
321
119
117,150
147
293
107
304
220
170
270
94
204
212
139
26
66
319
53
144
200
254
209
236
23
201
297
163
218
33
179
104
223
130
221
188,43
34
85
141
273
109
246
106
267
235
314
25
31
252
55
37
52
122
196
47
91
60
115
219
282
258
54
46
77
178
244
156
103
308
67
17
62
124
38
247
211
192
136
285
101
176
32
41
63
24
128
197
102
151
132
296
269
312
195
80
98
241,311
300
225
186
310
281
214
108
39
243
291
184
242
83
56
99,42
288
64,229
4
177
86
0
111
299
7
175
290
250
256
320
162
57
116
123
3
AFC:210,218,133,95,225,25,28,284,122,127,269,91,52,294,199,312,193,111,140,306,240,105,38,178,251,256,182,276,98,229,167,18,143,116,159,158,62,239,49,42,320,5,9,201,148,75,68,154,79,263
CAF:215,213,132,24,29,4,287,227,120,123,128,54,297,295,192,81,118,141,92,307,243,102,101,39,108,64,175,254,184,316,168,228,165,12,314,274,150,157,277,36,235,16,280,86,45,322,206,209,71,144,261,266
OFC:313,219,138,27,222,281,124,268,53,298,290,197,190,110,113,85,3,7,146,301,304,247,100,31,177,180,186,196,317,142,164,161,10,66,19,151,90,238,232,46,155,204,208,77,73,262,169
CONCACAF:216,136,134,23,285,286,13,121,129,57,50,296,318,198,115,271,119,173,260,171,231,308,245,109,241,104,33,37,145,61,179,257,249,253,187,194,99,315,162,117,17,275,67,234,224,48,43,40,87,321,203,149,72,96,2,267
CONMEBOL:212,211,264,130,137,26,223,289,0,8,283,69,58,56,292,291,93,319,147,195,310,191,89,112,80,84,172,300,303,242,106,30,246,60,176,255,272,185,183,97,166,160,220,15,14,114,152,156,236,233,205,207,74,270,41,47,279,126
UEFA:217,214,131,135,139,20,21,22,282,125,265,59,55,51,63,299,293,88,82,83,174,226,170,309,302,305,244,103,107,32,35,34,94,252,70,258,259,65,288,248,181,188,189,311,221,6,163,11,273,153,250,278,237,230,44,200,202,76,78,1