100
300
186
7
143
165
53
48
255
310
265
24
65
23
108
102
324
276,320
182,204
141,248,311
28
196
252
27
195
5
6,323
314,67
246
227,74
313
287
137
172
138
239
130
305
81
215
150
25
122
35
213
99
269
103
231
50
134
59
184
257
238
297
98
271
146
91,10
135
61,205,75
225
306
299
280
254
315
296
212
123
127
282,253
244
129
312
263
328
237
93,279
289
175
268
304
308
106
63
322
278
140,96
29
128
290
174
223
326
218
151
120
170
211
124
26
190
76,266
166
250
183
3
281
188
201
197
100
133
159,203,149
83
217
325,9
31
32
62
118
38
34
272
87
267
49
180
236
245
19
104
12
335
55
327
241
37
331
224
240
71
101
226
256
64,77
16
173,42
54
192
111
229
11,2
251
200
275
119
94
153
139
291
247
300
221,46
234
13
154
202
187,14
58
121
114
161
284
258
330
21
334
52
90
307
288
189,270
319
69,15
30
302
136
178
222,43
79
191
86
132
303
259
283
316,235
207
285
198
185
210
36
332
164
4
144
8
329
92
60,232
116
115
131
230
220,156
286
208
17
1
145
57
113
333,47
155
160
78
73
109
158,261
209
293
45
260
243
88
89
105
66
193
168
162
214
163
95,274
273
294
51
167
22
295
80
39
70,97,40
157
309
264
242
298
110
0
20
228
169
181
321
317
152
147,142
249
292
277
112
84
56
44
171
233
72,41
194
318
33
176,148
68
125
82
199
262
18
216
107
85
117
179
206
301
126
177
219
AFC:216,214,313,132,130,138,26,20,223,8,123,265,91,59,51,63,298,296,291,190,84,172,146,304,245,107,38,32,31,179,272,182,180,194,196,221,97,317,166,143,117,151,278,239,67,16,236,232,46,5,329,201,209,148,78,2,262,267,326
CAF:212,219,137,27,21,289,0,4,281,285,128,55,297,294,318,191,271,88,111,113,80,260,3,170,300,301,306,247,240,103,100,39,30,108,94,70,333,60,65,175,251,187,184,276,167,161,14,116,230,233,49,44,320,327,9,155,202,77,96
OFC:215,213,134,25,222,284,286,13,121,129,328,54,292,93,198,83,118,140,231,307,243,35,252,330,258,176,249,189,311,315,165,10,274,156,158,62,90,238,234,280,48,45,203,206,72,68,79,144,266,1
CONCACAF:136,139,24,22,227,120,124,269,53,295,312,192,85,174,305,244,109,241,101,145,335,332,259,255,288,181,186,6,142,160,162,220,66,114,314,17,275,152,250,235,224,43,40,87,322,323,205,208,149,74,279,126,169
CONMEBOL:217,210,264,135,95,225,283,287,122,125,127,268,58,57,52,299,147,195,310,115,81,141,92,309,242,102,105,331,64,178,253,188,316,98,168,228,164,12,18,150,153,159,36,237,42,321,324,200,76,73,261
UEFA:211,218,133,131,23,28,29,282,69,56,50,293,290,319,199,197,193,89,110,112,82,119,173,226,171,7,308,302,303,106,104,33,37,34,246,334,61,177,256,257,254,185,248,183,99,229,163,11,15,19,273,157,277,86,325,204,207,75,71,154,263,270,41,47