100
300
269
218
110
23
200
251
129
307
163
90
312
291
111
261
84
317
108
10,238
195
134
215
264
280,262
224
247
105
190
193
226
230
60
173
304
155
58
45
219
176
150
161
42
214
130
283
68
41
74
0
6
295
25
296
40
174
4
192
140
126
125
265
289
249
81
250
109
245
63
86
27
98,235
31
106
297
97
16
300
15,148
122
172
152
142,5
144
290
282
177
240
66
319
18,329
131
32
211
3
46
24
69
166
220
303
294
271
57
80
9
231,263
223
198
94
77
259
37
82
234
281
87
145,186,157
222
22
128
47,279
201
96
112
185
1
35
120
115
181
310
241
56
327
318
254
274
272,99
104
206
102
135
287
207,326
324
100
165
38
160
203
149
72
159
164
292
14
194
61
59
137
21
191
242
205
119
258
315
167
175
225
325,71
33
213
184
39
286
158
321
268
171
147
64
101
139
187
70,48
308
229,17,73,79
50
170
116
67
239
92
227
244
143
306
124
114
273
298
188,316
246
216
285
217
127
204
233
103
89
52
320
2
153
117
151,237
260
36
180
313
88
284
146
301
277
113
169
253
305
43,266
83
299
314,44
328
196
162
19,323
107
189,156
141
199
28
257
95
270
288
34
309
302
7
311,228,236
8
65
121
29
132
256
51
93
11
255
123
179
85
221
53
267
91,278
26
208
183
133
118
168,154,78
62
322
252
212
55
210
293
30
20
209
202
12,275,49
76
54
182
197
13
276
232
75
243
248
138
136
178
AFC:217,210,264,130,137,27,20,28,281,125,265,56,50,299,290,199,115,88,113,119,174,7,231,170,305,244,100,105,38,30,65,177,256,249,186,184,194,311,196,315,165,15,143,273,151,158,224,48,5,324,202,75,169
CAF:216,133,24,29,289,4,287,286,121,128,269,57,53,63,295,318,310,192,173,146,304,109,243,104,34,94,257,254,253,248,183,181,187,221,228,161,162,220,12,274,152,278,67,16,236,233,46,86,42,87,329,206,208,73,266
OFC:214,134,23,223,8,282,127,268,328,59,51,296,291,93,195,197,190,111,83,81,118,140,141,92,308,300,245,241,103,106,32,37,61,259,175,180,99,229,166,160,14,66,18,314,153,235,45,40,200,207,74,71,96,2,262
CONCACAF:213,132,95,138,225,25,120,123,69,55,52,298,292,293,112,80,85,3,309,303,307,101,35,145,70,60,176,251,185,182,316,164,11,17,275,157,62,90,239,234,237,320,155,203,209,72,261,270,47,279,326,126
CONMEBOL:215,218,136,22,283,284,122,129,58,294,319,147,312,193,89,110,82,260,226,172,171,302,306,247,240,107,39,33,252,64,178,272,288,189,97,142,168,163,10,150,156,277,238,230,321,327,9,204,76,78,41,1,267
UEFA:212,211,313,219,131,135,139,26,21,222,0,285,227,13,124,91,54,297,198,191,271,84,301,242,102,31,108,246,258,179,255,188,276,317,6,98,167,114,19,117,116,250,159,36,232,280,49,44,43,322,323,325,201,205,148,149,77,68,154,79,263,144