100
300
159
249
0
138
289
62
235,48
246
104
251
134
176
118
212
127
242
303
152
77
270
83
44
210
95,236
80
293
98
211
16
253
177
172
75
222
114
194
311
121
288
281
237
182
280
150
232
54
306
269
82
312
262
203
145,207
287
283
120
230
63
275
112
32
156
160
14,17
117,144
278
190
99
148
30
81
266
90
220
110
310
189
258
142
27
137
33
240
181
165
193
3
296
26
132
50
59
151
213
21
305
282
307
87
267
51
254
105
85
167
276
239
60
180
208
238
125
178
294
19
300
179
209
233
70
131
163
22
9
166
171
221
67
202
196
8
227,141,272
129
199
191
123
274
271
101
5
155
205
162
43,73
45
93
20
71
94
7
188
88
103
243
285
292
215
97,47
113
38
153
34
298
1
291
136
268
28
86
170
37
111
35
309
244
161
124
68
169
195
42
15
57
92
279
39
41
23
217
128
255
228
290
198
286
154
49
36
175
91
140
96
264
204
295
241
229
53
245
299
69
72,260
10
106
226
74
259
139
25
219
64
256
216
146
100
135
61
12
308
261
119
247
265
273
133
197
304
297
4
225
89
31
187
192
158
257
284
173
248
277
84
263
76
52
201
126
55
109
302
164
58
223
231
29
115
56
250
18,143,78
184
2
11
24
40
234
218
214
65
13
157
183
116
46,79
186
200
301
66
147
108
122
168
149
174
185
224
130
206
252
102
6
107
AFC:215,264,134,139,26,285,287,120,124,268,50,53,296,294,312,141,172,304,307,241,243,38,31,61,178,185,221,6,99,229,228,166,11,114,19,274,250,157,16,40,87,200,207,77,72,270,260
CAF:212,130,136,95,24,20,283,227,121,127,69,59,56,52,63,299,292,291,198,190,89,80,173,7,300,244,105,108,177,257,255,187,194,196,97,161,151,116,156,36,278,234,230,224,44,9,201,204,209,144
OFC:217,210,131,225,23,289,281,125,51,293,191,110,113,83,119,226,3,171,302,306,245,100,107,104,33,32,64,179,253,183,180,163,15,273,158,238,233,86,42,155,203,202,205,149,71,263,261,279
CONCACAF:216,138,21,28,29,222,4,286,122,128,295,93,193,88,84,109,103,106,37,34,145,94,252,256,248,188,276,142,169,167,162,10,117,150,153,62,239,235,232,280,49,73,96,79,262,41
CONMEBOL:213,218,133,135,25,223,282,13,123,265,129,54,57,297,290,199,147,115,174,140,170,308,301,240,101,30,35,246,60,258,176,254,181,186,189,311,98,165,12,66,18,17,159,277,90,237,48,43,1,206,208,148,75,68,154,78,266
UEFA:214,211,219,132,137,27,22,0,8,284,269,91,58,55,298,195,197,310,192,271,111,112,82,81,118,85,146,231,92,309,303,305,247,242,102,39,70,259,65,175,251,272,288,249,182,184,168,164,160,220,14,143,275,152,67,236,46,45,5,76,74,2,47,267,126