100
300
244
121
235
237
136
185
140
170
279
311
229
20
34
302
36
74
31
55
190
300
209,75
72
50
73
262
105
175
194
193
187
186
112
70,156
218
69
173
99
297
253
295
118
56
85
188
96,78
283
146
133
143
39
103
104
3
108
25
132
153
259
125
284
142,152,233
5
29
296
180
298
45
138
204
89
239
205
219
255
81
97
84
147
169
124
174
1
46
106
275
213
224
309
27
41
223
220
135
71
151,40
305
269
195
222
201
59
268
115
101
141
60
281
266
23
212
247
282
286
226
144
289
80
196
306
126
88
250
47
22
308
167
28
63
285
120
225
157,230
32
102
291
127
66
161
258
280
232
183
294
123
257
114
292
0
171
149
228
129
208,263
310
307
98
93
304
160
94
184
210
150
207
277
287
264
11
58
37
139
192
137
177
274
33
113
109
14,9
165
54
293
158
117
200
145
134
199
15
8
163
203
67
53
154
273
248
243
290
178
82
17
13
202
215
43
216
49
26
90
261
52
57
91
110
271
111
65
122
245
191
79
206
164
68
276
242
77,76
182,42
7
312
155
83
18
176
278
214
270
119
128
10
62
95
116
30
21
92
130
246
217
51
44,260
16
256
251
272
6
86
265
166
236
24
197
168
240
231
64
179
189
100
2
211
4
181
87
19
162
303
267
148
241
254
227,238
38
35
107
198
12
131
234
48
159
249
301
172
299
61
288
252
221
AFC:211,130,139,24,223,227,124,69,58,50,296,294,88,110,146,92,303,244,247,106,31,254,288,185,248,181,187,194,276,6,168,229,161,14,17,151,116,156,235,224,200,207,206,75,96,79,144,261,279,266
CAF:216,132,136,29,281,283,121,129,55,57,51,290,312,115,111,80,174,173,226,172,309,301,304,105,39,32,60,65,178,255,188,196,221,160,18,143,157,277,234,16,230,86,45,42,1,9,201,209,149,71,262,267
OFC:213,218,137,21,22,4,282,285,13,128,268,56,293,198,195,310,112,83,84,140,300,243,103,38,30,145,61,64,179,256,186,164,167,10,114,275,158,36,90,238,280,205,208,74,260,47
CONCACAF:212,138,26,27,20,286,120,91,52,63,295,291,147,197,191,82,118,85,7,170,308,302,306,241,100,107,34,246,259,176,257,180,311,97,142,162,220,273,152,250,239,67,233,43,40,5,155,203,76,2,270,126
CONMEBOL:215,264,133,135,95,225,25,23,222,289,0,287,123,125,265,53,298,199,193,307,245,242,104,33,37,108,94,272,253,182,183,189,99,169,228,165,163,11,12,66,19,117,153,62,278,236,232,49,46,87,204,148,72,78,41
UEFA:217,214,210,219,131,134,28,8,284,122,127,269,59,54,299,297,292,93,190,192,271,89,113,81,119,141,3,171,231,305,109,240,102,101,35,252,70,258,177,175,251,249,184,98,166,15,274,150,159,237,48,44,202,77,73,68,154,263