100
300
199
179
210,280
139
130
242,263
175
268
142
311
336
132
235
249
122
24
40
189
317
174
143
48
192
190
209
253
84
191
20
193
270
14
89
331
291
54,225
257
315
260,118
119
88
314,55
149
255
180
305
107
326,128,301
44
21
100
223
166,112
73
316
95
243
340
25
232
293
310
188
67
222
324
145
272
233
327
155
214,300
277
98
198
22
292
264
203
127,154
283
76,117,306
2
153
332
201
59
156
309
9
26
158
105
273
164
83
338
186
285
162,157
57
37
33
137
8,169,161
267
299
181
135
220
131
252,63
165
241
66
114
121
217,269
41
248
313
288
116
110
271
206
62
163
298
284
197
109
70
228
304
38
160
183
328,120,250
68
178
195
275
187
0
32
106
205,216,229
318
92
330
307
323
140
99
282,49
262
85
247
61
51,43
133
239
319
29
294
159
279
251
237
325,303
212,5
335
290
72,123
108
302
176
339
246
31
113
126
177
30
171
200,79
207,53
185
16
103
226
129
148
101
138
147
215
208
87
39
97
74,124
150
172
274
13
18
11
78,45
173
136
34
238
286,52
202
47
236
221
77
46
259
204,258
71
17
256,167,224
333
10
134
182
42
278
82
27
231
230
296
196
69
58,308
7
244
102
254
23
81
64,265
184
289
96
321
312
218,266,227
50
125
297
320,4,111
65
6
141
245
19
322
170
329,281
295
93
60
28
342
12
213
15
334
1
219
80
56
104
115
211
144
341
261
337
3,287
276
234
152
90
35
168,151
240
146
86
75
36
91
94
194
AFC:299,195,277,279,108,104,36,338,335,95,238,231,1,147,142,148,135,21,28,85,249,179,180,186,189,15,322,200,209,208,75,74,70,8,122,128,312,65,257,167,216,218,283,287,264,268,57,53,111,301,222,159,46,40
CAF:297,291,191,270,278,100,32,37,35,331,91,90,96,145,143,149,130,138,26,82,240,178,172,2,185,16,19,62,321,327,207,79,126,311,61,69,251,168,162,9,215,212,219,289,286,260,59,52,253,118,304,224,158,112,48
OFC:340,294,199,192,274,102,38,34,334,337,99,93,239,232,137,134,27,20,88,80,244,247,175,183,12,14,323,204,125,313,252,63,67,255,169,163,217,4,281,282,261,267,55,56,115,117,309,305,221,154,83,45,5
CONCACAF:295,293,290,190,271,275,101,107,39,31,339,333,6,97,234,235,141,136,139,25,89,241,248,174,170,182,187,10,18,320,325,329,201,206,77,73,121,127,129,318,310,317,3,60,258,66,250,164,160,210,280,284,262,50,114,306,307,229,226,223,220,150,152,157,49
CONMEBOL:342,296,194,197,276,103,105,332,98,237,133,131,24,29,81,86,246,242,176,171,188,11,13,328,203,202,76,72,123,319,316,314,64,68,256,166,214,288,285,263,269,58,54,259,113,119,308,303,228,227,151,156,44,42
UEFA:0,341,298,292,198,196,193,272,273,109,106,33,30,336,330,92,94,236,230,233,146,144,140,132,22,23,181,87,84,7,245,243,177,173,184,17,326,324,205,71,78,120,124,315,254,165,161,213,211,266,265,51,116,110,300,302,225,153,155,47,43,41