100
300
217
192
302
111
199
184
263
88
250
160
113
209
303
80
276
90,320,41
229,143,116
237
310
241
89
254
218
83
139
259
34
245
317
274,2
84
4
210
94
15
269
171
198
56
211
145
135
242
17
194
191
126
36
283
168
112
131
70,224
311
313,148
227
236
31
61,233
162
93,203
42
57
58
9
190
297
234
331
258
137
291
104
163
76
278
101
55
246
87
206
52
164
312
223
39
270
214
284
322
170,5
195
265
20
327
285
275
47
231
155
110
286
243
46
22
271
201
314
19
16,202
251
260
44
196
18
301
115
146,277
149,154
75
98,208
315
33
124
213
318
79
6,43
51
205
173,220
165
59
289
166
118
102
157,238
86
295
81
225
188
249
266
85
305
222,186
69
215
287
230
107
123
189
296
65,323
136
182,207
37
0
82
176
319
72
23
24
200
77
27
130
150
282
264
7
178
114
292
133
49,45,279
293
273
119
109
138
332
252
140,253
134
121
151
96
244
219
53
181
197
180
183
26
325
177
29
3
299
308
328,66
239
172
193
28
272,262
248
240
92,169
307
108
11
221,261
226
106
300
321
152
103
62
316
78
179
8
30
256
228
175
216
232
13
67
25
167
60
141
187
147
63
290
12
161
324
105
158
1
74
50
333
212
257
267
125
159
10,14,326
204,71
35
40
38
281
235
298
117
21
185
91
280,48
174,153
129
255
127
329,144
120
247
294
97
64
132
288,156
304
68
95
142
122
268
306
100
99
54
309
73
128
32
330
AFC:212,132,134,22,29,0,281,284,13,120,128,269,69,58,63,299,297,293,198,147,112,81,3,92,305,245,241,38,108,35,332,258,179,251,185,311,316,99,229,10,66,151,153,234,236,49,86,321,202,206,72,78,270,326,169
CAF:213,130,137,26,20,28,283,123,268,328,57,50,295,318,312,191,193,115,271,88,85,260,226,306,247,109,103,177,256,288,182,188,6,168,165,163,143,117,156,62,277,239,235,233,43,327,325,200,207,77,73,68,96,41,126
OFC:211,264,219,131,135,95,139,25,27,222,8,282,287,121,124,127,54,298,294,199,111,82,83,80,174,171,300,303,244,240,104,39,33,60,178,254,187,196,276,315,228,164,162,220,19,274,250,158,90,16,232,48,44,323,155,329,203,209,149,74,2,263,144
CONCACAF:217,215,313,24,4,286,227,122,125,55,292,319,195,89,141,146,170,301,243,102,106,32,37,246,330,333,65,175,253,180,184,98,166,11,14,18,273,116,159,67,280,45,87,322,204,208,75,71,262,267
CONMEBOL:210,218,138,21,289,265,91,53,52,291,197,190,192,110,113,119,140,173,309,304,307,100,105,30,34,145,252,331,64,248,183,186,317,167,160,161,17,36,278,237,230,224,42,5,205,76,154,261,47
UEFA:216,214,133,136,225,23,223,285,129,59,56,51,296,290,93,310,118,84,172,7,231,308,302,242,101,107,31,94,70,61,259,176,257,255,272,249,181,194,189,221,97,142,12,15,114,314,275,150,152,157,238,46,40,320,324,9,201,148,79,266,1,279