100
300
286
60
305
134
184
272,229
200
51
17
4
248
83
228
214
46
85
106
34
185
197
273
203
76
13
236
145
196
91
221
141
57
223
290
217
122
216
237
279
303
304
158
56
220
5,154
146
50
270
80
87
82
121
35
65
267
104
288
212
108
298
142
110
11,72
1
294
2
100
161
132
62
105
45,149
139
49
68
297
233
204
126
251
207
269
102
64
81
180
28
285
268
168,78
183
42
99
125
296
209
27
7
144
302
162
165
250
249,43
278
31
67
201
198
30
205
74
245
33
181
8
253
114
226
208
19
202
152
295
167
58
238
29
107
274
117
164
95,159
261
187
26
59
55
148
225
157
38
265
246
135
127
71
299
94
293
252
120
22
25
301
37
256
179
195
188
192
271
109
115
16
222
10
155
36
264
112
175
170
20
61
292
53
150
239
240
174
14
287
259
15,47
230
257
199
131
178
281
44
21
190
147
96
186
89
54
66
307
234
194
241
133
41
128
130
258
123
189
169
18
243
284
255
308
172
136
9
75
3
140
280
182
283
211
176
48
166
160
138
171
103
191
276
231
77
24
79
177
97
137
98
156
12
32
213
119
163
244
92
282
93
151
143
306
263
90
88
129
69
101
111
116
84
300
275
232
40,73
235
124
173
219
266
260
206
193
86
242
247
118
0
277
215
113
52
23
39
289
227
6
218
224
70
63
153
291
262
254
210
AFC:216,213,135,138,22,223,286,121,127,268,59,56,63,299,93,194,111,80,84,303,307,247,240,39,31,108,254,182,6,97,169,163,10,114,117,152,158,278,90,16,237,233,280,49,208,149,74,68,47
CAF:214,132,139,20,29,4,122,129,58,295,290,193,88,82,226,7,170,308,245,109,241,101,104,38,34,252,70,258,64,175,256,272,288,180,187,184,229,160,11,220,17,250,277,238,45,155,203,204,206,148,75,72,96,261,266
OFC:210,218,133,24,284,227,13,120,269,53,294,291,199,198,190,112,119,141,171,301,304,106,32,145,246,60,253,181,142,99,164,15,18,153,157,279,224,48,86,43,76,71,2,270,126
CONCACAF:212,264,130,136,25,27,282,285,124,69,55,57,50,298,296,147,197,83,118,173,3,231,300,306,244,242,103,37,61,179,251,183,189,221,98,167,162,14,19,143,273,150,159,62,239,236,87,9,201,207,77,79,41,276,267
CONMEBOL:217,131,134,225,26,21,222,8,283,125,91,51,293,195,67,191,89,113,85,174,140,243,107,33,30,259,177,257,248,185,228,166,161,66,274,275,116,36,234,232,46,40,5,200,154,78,263,144,260
UEFA:215,211,219,137,95,23,28,289,0,281,287,123,265,128,54,52,297,292,192,115,271,110,81,172,146,92,302,305,102,100,105,35,94,65,178,176,255,249,186,188,196,168,165,12,151,156,235,230,44,42,1,202,205,209,73,262