100
300
49,72
37
252
160
210
35
321,266
298
142
156
316
291
87
178
305
201
284
34,67
106
320
187
83
216
10
60
161
276
172
165
130
70
336
27
317
88
22
269
207
259
223
277
147,224
53
48
309
312
330
33
272
270
173,14
315
218
190
195
182
146,196,202
54
163
124
248,181,221,237
318
77
268
155,75
308
245
126
191
251
234
144
107
235
112
205
66
143,230
23
39
261
21
253,159
197
58
212
324
132
194
170,19
260
335
133
299
211
113
123
94,5
43
64,183
179
175
13,91,63
325
116
332
177
176
334
154
306
162
217
18,203
304
256
227
289
57
226
220,157
36
222,204
52
158
26
311,263
292
62
140,12
240
186
258
98
293
209
137
310
136
340
148
73
188
82
101
109
25
280
185,99,153,68
337
167
180,16
102
244
9
108
100
46
174,11
61
198
145
301
128
249
31
300
302
1
15,278
241
115
104
271
297
81
247
171
135
114
166
322
51
228
151
118
208
288
225
250
134
119
219
150
327
328
6,279
184,71
319
93
4
164
200
265
282
131
55
30
24
40
168
236,47
122
257
111
303
8
283
199
296
285
152
213
314
138
28
239
275
290
120
92,169
20
295
333,76
238
50
59
103
0
96
117
206
79
255
56
110
149
307
17
323
232
215
2
85
129
329
281
189
229
3
65,44,74
105
273
7
243
192
78
274
254
45
95,233
294
80
331
338
214
264
121
231,339
287
69,41
246
90,267
84
125
286
193
32
29
42,326
97
262
86
141
313
38
89
139
242
127
AFC:216,210,133,225,26,27,283,124,69,54,297,319,195,192,111,118,84,303,306,241,100,31,37,108,246,252,337,333,61,179,176,257,185,196,317,6,142,168,228,160,14,19,158,90,238,236,45,327,205,204,78,270,41,279
CAF:211,219,131,134,222,287,122,265,269,328,55,50,296,295,293,198,190,83,80,140,308,300,304,245,242,104,33,30,339,332,259,64,178,253,182,183,97,99,315,229,166,163,11,114,274,151,235,16,230,280,43,320,5,202,76,154,96,144,1
OFC:212,313,218,130,137,24,340,286,121,125,268,56,51,299,294,290,291,318,89,113,85,173,141,171,7,231,92,240,101,107,39,32,251,249,181,186,189,311,164,15,150,159,62,278,67,237,224,323,200,203,73,266,47
CONCACAF:215,132,138,25,20,21,28,281,8,285,120,128,58,298,310,112,82,174,302,305,244,106,35,94,334,336,331,330,60,258,256,248,194,188,221,98,167,10,314,156,70,239,233,48,42,321,201,209,148,149,74,267,326,126
CONMEBOL:217,264,136,95,139,23,289,0,4,284,227,123,57,52,199,147,312,191,115,271,88,260,309,247,102,105,338,335,65,177,254,180,184,276,165,161,143,275,116,36,232,46,86,40,324,155,206,208,75,71,79,263,169
UEFA:214,213,135,22,223,29,282,13,127,129,91,59,53,63,292,93,197,193,110,81,119,226,172,3,146,170,301,307,109,243,103,38,34,145,175,255,272,288,187,316,162,220,12,66,18,117,273,17,153,152,250,157,277,234,49,44,87,322,325,9,329,207,77,72,68,2,262,261