100
300
307
266
250
95
312
195
287
186,239
267
68
187
42
115
109
0
50
84
56
37
120
85
54
179
123
113
204,96
176,202
75
154
10,159
298
38
32
178
134
311
24
41
108
87
207
66,72
306
221
45,261
300
51
161
335
94,262
49
11
330
150
27
251
281
219
36
29
125
282
138
158
332,236
83
131
2
181
283
333,153,71
52
81
247
193
183,16
225
175
124
117
8
189
248
284
63
313,149
192
53
310
241
151
28
316
61
88
48
135
99
280
257
230
82
142
263
172,336,18
269
229
133
25
223
130
165
286
264
169
147,14,279
6,168
194
128
34
129
59
60
98
162
55
253
235,203
105
206
100
122
3
327
73
314,234
213
240
30
103
246
177
289
238
191
328,317
20
21
39
231
33
323,78
318
199
331
285
260
118
293
57
152,208
35
17
245
198
69
294
91
174,155
321
258
334
148
297
111
23
171
224,325
80
79
196,5
132
107
320
46
188
254
86
272,324
326
292
259
67
180
304
275
77
166
308
110
156
268
256
271
13
137
163
164
31
303
160
288,44
232,144
106
170,9
101
302
112
26
252
143
227
278
217
141,43
62,209
212
205
184,116
74
249
89
4
157,47
65
322
139
190
296
295
58
97,220
274
244
215
136
228
127
40
140
291
242
114
119
315
22
290
214
301
337
276
197
226
102
182
210
15
7
237
185
70
104
243
222,329
309
126
305
121
93,90
201
233
145,12
167
270
218
265
319
146
19
211
1
92
273
76
200
64
216
173,277
299
255
AFC:215,136,95,20,28,29,282,122,265,128,91,51,298,293,199,312,310,192,84,92,302,247,241,102,108,252,335,332,258,178,175,257,189,221,317,168,166,161,12,66,117,273,16,230,233,322,325,329,201,204,75,71,2,144,41,47
CAF:210,218,219,130,137,134,25,23,283,120,127,55,50,63,297,292,147,271,80,260,171,300,109,103,33,333,61,179,176,254,249,183,186,311,196,6,229,160,11,15,114,143,274,156,159,277,36,239,234,46,87,200,202,205,72,96,78,279,169
OFC:213,313,222,4,285,124,269,69,54,56,295,318,198,193,82,140,226,172,7,231,304,307,245,101,107,39,32,37,331,259,65,288,187,97,164,167,19,18,116,250,158,62,237,280,86,45,324,206,208,148,76,266,270
CONCACAF:216,133,139,27,21,227,13,123,129,59,57,52,294,290,195,88,110,112,83,119,174,3,170,305,242,100,38,30,145,246,337,255,180,188,316,98,162,220,314,275,152,278,238,67,44,43,321,327,155,203,149,74,79
CONMEBOL:214,211,131,135,22,223,289,281,8,286,268,328,299,93,319,197,191,115,89,111,118,173,141,146,303,306,243,105,34,94,336,60,177,253,248,181,184,276,228,165,10,14,151,236,232,48,49,40,320,207,73,68,154,263,261,1,267,126
UEFA:217,212,264,132,138,225,24,26,0,284,287,121,125,58,53,296,291,190,113,81,85,308,309,301,244,240,106,104,31,35,334,330,64,251,256,272,185,182,194,142,99,315,163,17,150,153,157,70,90,235,224,42,323,5,9,209,77,262,326