100
300
196
190
286
253
25
273
280
276
179
61
147,40
119
120
312
94
175
97,43
92,14
35
76
87
7
172
118
236
135
66
74
67
137
220
301
62
258
9
16
73
259
130
31
215
310
222
299
50
124
270,260
227
211
200
140,231,45
199
244
295
72
256
108
21
168
125
171
55
177
134
304
249,239
80
293
195
88
103
51
309
274
296
185
186
194
188
64
117
265
289
268
187
129
255
37
300
210
54
115
297
184
153
132
114
128
197
106
53
152,155
113
112
83
8
165
144
2
44
305
46
282
291
218
178
49
150
261
161
233
311
180
139
163
68
65
205
212
36
0
109
41
59
122
89
174
237,209
143
223
38
90
104
98
254
102
101
224
173
91
93
148
154
24
201
158
12
17
294
243
202
247
275
3
234
181
81
204
240
131
217
288
110
105
71
198
18
206
126
264
79,267
219
151
230
99
11
228
229
138
245
84
241
133
287
4
78
221
111
251
269
75
214
216
141
116
257
308
277
23
19
13
39
162
86
246
285
85
290
193
213
192
47
242
279
283
182
226
145
263
57
95
30
10
82
56
5
127
48
77
58
169,157
164
207
160
70
123
29
159,42
52
189
281
33
107
272
32
266
303
121
69
235,96
22
250
26
225
252
271
27
302
248
100
176
284
170
208
156
238
203
63
307
6
60
191
232
262
20
1
142
28
15
34
306
146
167
292
183
166
136
298
278
149
AFC:212,219,133,136,95,25,29,285,69,58,54,298,292,199,191,88,118,171,305,244,109,240,106,37,108,70,288,248,180,189,221,10,14,143,153,159,238,236,40,206,149,270,47,126
CAF:214,132,139,27,0,281,286,13,125,91,57,52,295,93,193,113,82,85,141,231,170,308,309,242,107,38,32,35,145,64,176,254,249,182,186,228,162,220,274,150,116,156,277,16,5,204,209,74,41
OFC:216,210,135,134,22,222,284,121,123,129,269,59,50,296,290,312,197,192,110,80,140,226,3,92,301,306,105,33,34,94,252,179,175,255,185,188,6,98,169,164,11,19,18,273,17,158,62,67,232,86,43,202,148,71,78,263,261,260,279,266
CONCACAF:213,211,130,137,21,223,287,120,265,127,268,53,294,198,195,89,111,81,172,300,303,241,100,104,30,60,178,253,97,229,166,163,12,15,275,151,250,278,237,230,280,46,42,155,201,203,77,75,2,144
CONMEBOL:217,264,26,4,8,283,227,122,128,55,56,63,297,293,147,115,271,112,119,84,304,245,247,102,31,258,177,257,181,187,184,194,311,142,168,165,167,161,157,36,235,49,45,200,205,72,154,79
UEFA:215,218,131,138,225,24,20,23,28,289,282,124,51,299,291,310,190,83,174,173,7,146,302,307,243,103,101,39,246,61,259,65,251,256,272,183,196,276,99,160,66,114,117,152,90,239,234,233,224,48,44,87,1,9,207,208,76,73,68,96,262,267