100
300
72
6
34
159
51
129
58
70
244
21
300
124
107
65
177
180
221
286
248
92
201
26
143
284
23
290
173
144
135
91
311
167
35
98,75
264
99,267
170,262
73
308
66
207
141
139
33
76
138
291
62
186
18
89
120
242
261
130
205
172,189
3
74
39
108
93
48
306
145
181
17
27
183
281
77
209
252
158
105
41
68
164
211
36
243
301
37
324
310
208
54
117,204
64
4
239
228,234
47
44
218
43
175
219
151,322
259
56
236
317,230
106
266
16
127
102
191
86
247
12,157
179
147
90
260,78
182
246
225
318
114
20
299
163
268
118
134
123
288,196,220,169
256
153
113
166
302
197
38
2
19
57
122
142
161
104
111
131
212
162
195
97
29
292
9
269
198
82
42
229,237
232
171,272
280
235
193
263
297
81
40
316
140,325
110
69
245
282
185,278
270
136
277
49
84
238
45
271
226
203
255
296
200
187
52
276,250
305
206
295
88
95
257
28
254
59
176
217
227,274
119
85
279
132
214
146,253
31
202,126
96
283
303
112
61
188
22
241
83
24
233
30
8
160
63
100
265
13,174
287
249,184,326
116
258
289
190
80
5
178
15
298
199
7
319
321
121
168
150
309
165
314
128
222
216
109
304
223
0
103
25
273
148
194
154
307
32
71
156
313,152
275,323
60
224,320
79
231
133
215
115
94
46
240
11
67
294
293
251
10
155
315
14
213
149
50
210
55
101
125
312
87
1
192
137
53
285
AFC:213,211,218,133,137,21,29,222,281,8,287,122,127,268,69,58,57,52,63,298,297,93,195,193,111,82,172,309,306,244,104,39,33,35,259,175,254,253,180,187,98,315,228,160,162,10,12,143,117,153,116,238,235,44,203,208,149,77,266,1,326
CAF:215,135,225,24,285,120,123,265,55,294,292,319,312,115,89,83,81,141,171,7,146,231,304,109,243,100,105,32,60,178,257,288,249,194,188,196,97,163,220,14,66,274,17,152,156,36,278,239,236,46,43,40,325,204,207,154,270
OFC:214,264,132,284,56,293,199,310,191,113,112,119,140,170,302,240,242,102,37,145,252,70,61,176,185,182,221,6,142,167,15,19,314,273,275,90,67,230,48,86,324,9,96,79,2,279,126
CONCACAF:212,136,26,23,223,282,286,121,124,129,269,91,59,54,296,197,190,308,301,303,247,101,31,108,34,65,179,181,186,316,229,165,18,151,158,234,87,321,155,201,209,148,76,75,74,71,261,47,169
CONMEBOL:216,217,313,131,138,25,27,20,0,4,283,128,50,53,299,290,318,147,271,80,85,173,92,305,241,103,106,107,38,246,258,64,251,183,189,99,164,114,150,250,16,232,224,280,45,323,200,206,73,68,262
UEFA:210,219,130,134,95,139,22,28,289,227,13,125,51,295,291,198,192,88,110,118,84,174,260,226,3,300,307,245,30,94,177,256,255,272,248,184,311,276,317,168,166,161,11,157,159,62,277,237,233,49,42,322,320,5,202,205,72,78,263,144,41,267