100
300
310
0
206
215
272
124
9
212
109
18
93
86
198
50
270
216
249,150,79
261
263
179
268
62
81
177
22
214
75
23
129
46
255
313
256
291
24
72
17
1
87
54
299
8
171
218
207
118
68
301
241
174
166
60
143
151,266
32
6
233
130
308
57
7
64
41
135
273
31
28
147
88
289
110
33
288
26
257
163
219
90
122
269
264
156
290
67
237
165
234
117
284
175
307
101
295
251
306
286
185
134
244
200
225
102
91
162
106
228
298
154
48
42
202
303
73
34
312
191
25
254
10
242
27
292
142
226
61
188
108
16
205
100
70
243
119
168
158
63
105
84
164
157
153
14
184
253
276
4
271
217
203
221
111
250
140
89
283
35
103
183
116
131
36
148
224
107
194
287
222
285
144
232
246
247
126
55
152
53
3
5
281
294
139
38
59
65
235,208,77,262
13,302
112
132
172
245
211
104
161
12
146
210
66
293
19
311
83
149
155,267
113
278
159
82
114
95
186
193
137
97,43,74
258
280
240
45
56
80
85
275
259
99
187
314
229
178
190
176
277
230
182
58
274
78
29
44,76
189
160
265
40
133
305
297
195
145
120
296
201
304
173
204,71
11
180
248
125
20
2
141
169
300
30
96
279
199
252
223
167
239,47
15
181
192
121
98
213
52
92,49
231
39
282
138
127
94
51
309
209
236
238
128
69
123
21
196
220
115
170
37
227,260
197
136
AFC:215,218,130,25,20,223,28,289,283,121,269,52,296,312,197,191,115,112,81,85,226,7,231,170,301,305,245,241,243,102,38,108,35,179,272,288,249,248,183,180,166,161,12,66,19,143,277,45,202,209,149,96,266
CAF:212,313,264,132,135,26,21,222,4,286,13,69,59,293,93,193,192,88,84,141,171,146,304,307,109,240,100,106,33,30,37,61,259,64,176,256,184,228,163,274,151,116,250,67,236,280,48,1,201,205,77,72,261,126
OFC:211,136,134,27,22,8,282,287,265,268,54,299,292,198,147,310,111,113,83,174,92,300,104,39,252,60,65,178,255,186,189,221,99,168,162,15,117,273,150,152,157,278,239,235,86,43,203,208,78,2
CONCACAF:214,219,133,137,95,139,225,23,284,120,123,124,57,53,298,297,294,290,195,271,82,118,172,306,244,247,107,32,145,258,177,254,185,253,187,311,229,165,160,10,156,62,36,90,238,233,42,5,155,204,76,73,262,270,47,279,267
CONMEBOL:216,217,131,24,0,285,122,125,128,55,50,295,291,199,190,89,110,80,140,173,309,302,242,101,105,31,34,94,175,251,257,182,196,164,167,11,114,18,275,153,234,16,44,40,9,207,148,75,263,260
UEFA:213,210,138,29,281,227,127,129,91,58,56,51,63,119,3,308,303,103,246,70,181,194,188,97,276,6,142,98,169,220,14,314,17,159,158,237,230,232,224,49,46,87,200,206,74,71,68,154,79,144,41