100
300
323
33
34
140
342
171
174
301
20
41
145
167
23
189
170
64,166
335
150
311,282
143
1
85
177
336
98
168
247
262,226
173
241
339
97
4
279
24
142
223
62,300
344
220
2
288
293
112
84
346
252,118
172
178
100
232
186
27
246
333
275
317
219
77,5
276
211
139
16
257
126
12
149
302
337
292
318,158
303
90
138
332
146
36
325
284
327,267
259
68
235
299
201,8,228
238
125
195
243
25
214
159
218
205
231
35
93
215
6
322
50
268
70,316
89
192
160
54
13
130
51,305
341
134
141
53
294
164,46
244
78
289
86
57
66
19,321,154
175
227,45
129
209
216
31
108
314,266,222
254,263
15
7
334
109
42
28
121,217
79,315,260
278
283,157
242
287,307
131
156
221
183
319
230
103
187
194
11,250
43
191
296
249
104
26
82
213
269
277
38
163
14
148
181
190
196
338
320
248
81
44
105
345
206,313,116
185
40
310
60
0
304
135
136
110
329
17
255,48
80
286,52,152
239
256
113
281
88
176
200
240
234
132
92
165
161,306,153
30
87
107
197
193
210
343
188
101
29
39
128
180
291
212
245
106
297
74,169
261
18,61
203,120,309
59
137
265
312
208
91
58
295
37
179
32
133
21
151
94
147
199
111
96
72
271
236
47
326,69,285
330
123,56
340
225
71
270
124
67
280
10
115
122,258,251
207,155
184
144
83
75,114
99
162
272
127
264
3
182
22
198
76
237
49
253,308
63
290
298
274
95
55,119
273
229
324,73
224
204
328,117
202
331
102
65
233
9
AFC:343,293,194,197,274,276,106,32,30,37,337,331,94,97,239,237,143,148,133,89,246,178,176,185,188,10,14,19,323,326,208,74,123,126,310,316,63,250,161,211,219,286,262,269,54,57,116,110,300,307,226,223,159,83,46,43,5
CAF:297,290,198,195,270,273,108,39,33,36,339,330,332,98,91,235,147,144,134,25,87,85,245,247,241,177,2,186,184,13,62,321,204,77,71,8,124,128,318,66,255,164,166,216,280,287,55,52,117,302,304,228,224,220,150,155,112,44,45
OFC:346,340,193,272,275,109,101,104,35,338,99,93,231,233,1,145,141,132,136,24,27,21,82,181,242,249,172,187,11,12,325,201,203,205,75,73,122,127,312,315,65,67,256,167,163,213,281,284,265,111,253,118,308,301,222,154,48
CONCACAF:342,298,294,295,199,271,279,102,100,38,31,335,333,0,96,234,232,146,131,130,138,26,20,29,88,80,174,180,189,322,320,329,202,79,125,313,60,258,251,165,162,217,214,288,283,261,260,56,51,115,227,221,151,158,47,41
CONMEBOL:345,341,299,291,196,190,277,107,334,90,238,230,149,137,139,22,81,244,240,179,173,171,182,18,324,328,200,209,70,78,121,319,311,3,61,69,257,254,169,160,9,210,218,282,285,267,264,58,53,113,305,152,156,40
UEFA:344,296,292,191,192,278,103,105,34,336,6,92,95,236,142,140,135,23,28,86,84,7,243,248,175,170,183,15,17,16,327,207,206,76,72,120,129,317,314,252,64,68,168,215,212,289,4,263,266,268,59,50,259,114,119,309,303,306,229,225,153,157,49,42