100
300
27
155
68
190
192
251
246
76
276
170
67
26
266
82
211
95
144
252
285
318
50
102
231
194
195
36
104
202
303
58
218
319
269
6
253
206
257
191
130
203
271
181,10,235
146
256
273
21
220,153
44
110
259
23
241
304
88
302
282
113
127
174,186
86
328
178
265
213
64
66
63
159
207
134
24
262
62
120
289
182
4
320
29
47
136
250
165
204,149
83
314,49
116
258
112
168
242
188
201
14,75
85
34
31
128
208
5,79
216
176
121
89
51
2
30
196,45,323
142
205
42
175
189
119
38
163
48
3
17
299
316
103
321
296
148
25
308
234
322
200
286
39
7
280
228
309
317
109
229,96
260,152
138
210
65
230
140,236
306
124
78
114
98
93,326
139
180
40,1
249,46
0
327,279
233
288
126
99
268
238,209
101
239
294
284
61
298
240
312
8
310
70
212
315
97
100
215
111
13
197
84
199
193
267
154
275
81
54
221
274
28
150
158
160
137
166
224,325
161
307
244
255
243
247
74
123
56
226
105
71
91
106
52
122
237
145
290
164
248
295
118
225
272
15
143
53
169
227
43
59
293
135
264
185,156,263
162,12
179
254
132
311,261
147
270
297
214
232
129
217
278,9
57
117
167
291
292
305
41
313,173,16,324
69
287
223
222
245
73
177
77
80
60
55
187
184,19
87
20
198
115
183,157,90
35
219
171
92
125
133
22
151
172
283
141
329
277
32
94
18
33
11
131
72
300
301
281
37
108
107
AFC:135,26,20,223,284,13,125,69,328,59,52,293,291,147,312,197,190,113,119,85,140,173,171,302,304,243,103,106,31,34,64,254,181,184,221,315,167,12,153,159,36,90,239,280,45,202,75,79,270,41,126
CAF:217,213,133,139,4,283,122,128,58,295,290,93,318,198,115,112,80,118,172,300,305,307,240,242,101,107,39,258,255,180,311,168,228,163,11,66,19,143,17,275,62,278,233,44,321,325,155,204,209,148,76,73,68,154,96,262,47,267
OFC:218,132,138,27,21,289,285,124,127,91,55,50,299,294,192,111,81,260,226,3,7,146,170,308,309,303,104,38,30,246,94,252,61,259,65,251,248,186,276,317,164,117,273,152,158,237,230,236,86,322,327,201,205,74,263
CONCACAF:215,211,264,219,134,225,22,28,29,282,121,123,269,54,51,297,292,195,310,193,271,110,92,245,108,60,179,177,175,256,288,249,182,187,189,97,142,99,98,229,162,10,151,116,156,277,234,16,49,42,40,323,324,329,200,77,72,261,1,169
CONMEBOL:214,212,131,136,95,24,281,286,120,265,129,56,53,63,199,89,82,84,141,231,301,244,100,105,33,37,176,253,183,165,160,220,15,18,314,274,150,235,224,46,43,320,9,203,207,208,2,144,326
UEFA:216,210,313,130,137,25,23,222,0,8,287,227,268,57,298,296,319,191,88,83,174,306,247,109,241,102,32,35,145,70,178,257,272,185,194,188,196,6,316,166,161,14,114,250,157,238,67,232,48,87,5,206,149,71,78,266,279