100
300
307
302
168,220,266
276
66
22
101
63
85
49
132
40
177
69
121
176
76
175
123
84
287
106
184
245
183
8
259
136
164
191
113
39
301
9
92
282
297
100
138
140
239,1
14,169
94
227
15
200
298
284
50
96
62
67
214
109
294
306
232
4
242
217
54
147
46
233
194
234
292
17
29
115
34
19,71
99
241
6
78
295
187
53
75
52
70,90
254
108
64
102
290
119
21
60
199
313,149
300
61
251
97
218
181
153
130
41
139
47
159
5
211
56
2
72
120
18
127
166
95
188
209
28
161
237
243
275
145
173
83
129
105
20
312
142
7
280
216
248
270
151,208,261
144
126
12,262
25
125
235
36
265
263
249,238
51
250
26
279
283
224
148
45
207
286
202
77
165
273
258
59
203
31
210
98
189
171
252
172
37
271
170
222
156
124
196
58
116
240
198
192
117
11
186,236
81
310
308
137
44
79
215
68
112
24
185,260
174
213
180
80
87
23
89
38
285
82
13
201
134
289
228
30
155
3
114
42
88
256
314
178
277
272,315
143
296
206
48
33
135
179
229
160
257
154
268
291
146
157
163
226
27
91
93
133
223
309
73
299
288
131
65
107
304
162
104
305
141
55
195
167
103
311
43
193
182
278,16
32
219
253
264
86
293
244
205
269
303
190
122
247
225
221
118
35
74
0
10
212
57
246
274,158
204
197
111
281
152
267
255
150
128
231
110
230
AFC:133,223,289,281,13,124,59,55,297,93,198,310,190,271,81,118,174,231,306,103,32,31,37,259,65,179,272,185,248,221,315,166,160,10,19,151,158,36,237,86,43,203,208,74,71,96,262,47,279,126
CAF:217,210,211,313,130,136,24,22,283,287,122,69,54,298,293,193,140,173,226,172,7,146,304,244,241,104,108,35,34,252,255,188,98,168,18,117,153,159,62,277,278,90,232,46,1,72,78,266,270,41,260
OFC:215,212,132,137,25,29,284,227,121,265,128,269,56,51,291,147,197,191,115,112,82,141,3,301,245,107,38,94,61,178,254,184,189,97,167,161,220,15,66,273,17,250,234,236,44,5,200,204,75,154,144,261
CONCACAF:216,213,131,139,27,21,282,286,120,129,57,50,299,294,290,199,195,312,89,80,84,171,92,303,247,109,240,243,105,70,60,256,253,180,181,186,142,99,228,165,162,114,275,156,238,233,40,9,202,206,149,73,2,267
CONMEBOL:264,218,95,138,26,28,0,123,91,53,63,296,295,110,83,119,85,308,302,307,242,106,39,33,64,176,257,288,183,187,194,6,163,11,14,143,314,274,150,67,235,16,230,224,48,45,87,155,201,209,76,79,263
UEFA:214,219,135,134,225,20,23,222,4,8,285,125,127,268,58,52,292,192,88,111,113,170,309,300,305,102,100,101,30,145,246,258,177,175,251,249,182,311,196,276,229,164,12,152,116,157,239,280,49,42,205,207,148,77,68,169