100
300
62
192
93
319
204
335
23
73
37
274
259
241
74
29
8
107
175
96
217
139
130
201
22
292
221,45
133
275
77
72
338
161
185
153
11
58,51
235
320
288,284
299,266
339
323,60
308
162
197
248
4
27
322
94
176
342
228,224
294
28
297
245
97
180
125
68,305
267
50
313,66,110
193
205
270
296
326
164
3
252
337
341
271
116
81
327
279
277
213
250
20
141
19
34
80
329
345
212
289,40
120
154
273
344
12
243
191
265
332
132
104
340
43
52
70,254
7
131
283,47
325
181
136
272
276
281,300,156
101
32
115
89
316
79,69
177
85
88
298
222
71,128,114
170
33
9,55
312,260
183
210,301
184
56,307
39
138
167
160,309
311
230
182
264
304,5
134
145
188
109
124
194
95
119
189
165
269,306,112
82
15
92
330
179
186
343
10
63
57,49
285
233
152
127
234
236
256,268,223
318
84
220
290
303,229
178
144
200
31
105
76
202
255
278
207
251
242
215
240
122
90
293
147
314,263
44,41
137
169
231
83
187
140
103,218
163,117
25
295
146
78,59,113
16
98
262
48
173
258,42
195
336
46
30
36
21
331
26
111
227
247
0
121,211,225
324
199
18
143
64
166,159
123
171
206
253
118,155
100
334
302
219
328
237
142
6
87
280
203
282
102
38
261
108
135
214
208
53
232
238
67
17
35
99
315
106
226
333
151
91
196
209
86
1
75
168,157,158
126,129,287,150
54
257,216
291
317
239
198
149
174
286
246
148
244
310
321
61
172
249
14
13
24
190
65
2
AFC:342,292,198,194,272,275,105,37,36,35,336,333,92,97,236,231,142,132,137,26,23,81,242,249,178,170,185,188,13,15,325,201,208,79,319,313,316,258,65,68,160,215,284,287,261,265,57,51,53,117,110,253,309,302,220,153,44,5
CAF:343,296,297,197,270,277,109,103,106,33,335,337,99,237,232,145,140,135,138,27,20,28,88,7,246,241,175,171,183,189,326,207,206,72,78,121,318,311,64,256,164,165,161,214,4,281,260,269,54,50,116,300,306,225,222,152,41
OFC:294,290,199,196,190,271,279,100,107,38,32,30,339,338,330,94,234,1,141,136,21,87,243,174,172,184,18,322,329,202,77,71,123,128,312,3,60,66,250,254,167,163,9,213,210,218,285,262,268,118,308,304,228,151,83,48,46
CONCACAF:344,340,295,193,274,276,101,31,334,0,235,230,149,130,134,24,29,89,82,181,80,240,248,177,187,10,12,323,324,205,74,122,126,310,252,61,63,69,166,219,289,283,266,58,52,113,301,226,155,157,158,112,47,45,40
CONMEBOL:345,298,291,192,273,102,104,332,98,90,95,239,233,146,144,148,139,22,84,245,244,176,182,14,17,62,321,327,203,75,70,8,120,127,129,314,255,169,162,216,217,212,280,286,267,56,259,111,119,303,305,223,154,42
UEFA:341,299,293,195,191,278,108,39,34,331,6,91,93,96,238,147,143,133,131,25,86,85,247,179,173,180,2,186,11,16,19,320,328,200,204,209,76,73,124,125,317,315,67,251,257,168,211,288,282,263,264,59,55,115,114,307,229,227,224,221,150,156,159,49,43