100
300
212,119
224
323
67
177
59
60,58
235
244
217,210
108,124
123,153
185,285,223
281
348
333
255
103
99
341
163,117
93
122,40
168,158
1
179
101
174,13,72,260,56,42
232
181,53,114
338
356
199
180
140
74
31
292
320
187
51
47
278
26
328
90
241
351,225
22
257
144
81
243
39
249
339
139
316,216
76
236
70
295
106
14
296
121,318
142
306
297
63,116
172
344
105
238
191
57
69,289
205,154
36
312
273
240
86
83
293
77,169
208
11
219,50
195
23
357
245
35
49
319
0
110
274
27
25
84
307
7
92
17
95
303,227
128,166
125,352,118
290
270
215
231
299
6
24
258
189,267
15
159
277
151
78
322
276
280,156
282
288,221
330
73
301
175
79
233
33
8
200
68
213
52,222
45
298
137
252
129
334
209
272
315
190
38
178
3,283
80
247
97
326
30
18
335
132
2
269
271
46
98
85
145
310,165
279
89
207
188,75
143
111
294
337
197
325
327
148
342
343
246
192
16,355
134
346
138
37
275
162,5
21
286,228
201
9,152
198
155
263
65,167
218
254,55,226
104
126
234
237
291
264
133
54
261
332
91
61
10
113
64
324
203,268
41
135
230
127
211,284
204
336
331
202,259
102
12
120,314,66
329,112
182
354,150
184
176
253
44
146
206
147
183,287
186
32
136
62
109
100
19,266
305
94
239
300
349
340
350,229
313,353
71
87
4,304
88
194
20
302
28
308
248
242
170
309
250
96
34
220
262
161,115
193
29
317
48
141
265
196
311
164
251
345
130
214
256
149
131
347
171,321
173
160
107
157,43
82
AFC:342,348,292,197,196,190,277,107,105,39,32,339,336,330,96,238,231,232,147,133,137,134,27,22,88,7,247,243,179,174,172,2,187,14,17,326,207,74,79,124,310,315,61,66,257,166,162,357,212,219,281,262,266,264,58,54,115,119,302,305,224,152,46,47,42
CAF:343,299,295,270,274,108,101,37,334,337,90,95,230,145,130,139,20,29,181,86,85,244,242,248,175,173,185,188,16,322,328,202,205,70,78,123,313,311,3,60,258,69,168,165,163,9,355,354,350,211,288,286,57,53,113,253,301,223,220,153,158
OFC:344,341,349,294,195,192,278,104,31,36,35,333,97,233,142,149,132,138,23,28,89,84,240,180,11,323,320,200,206,77,73,120,127,318,312,68,251,255,164,167,216,215,213,4,280,287,261,268,59,56,259,117,110,304,306,228,155,49,44
CONCACAF:347,340,297,290,199,191,193,275,279,103,33,335,332,0,6,98,239,146,131,136,25,82,245,171,182,186,15,325,203,75,128,319,314,252,63,64,356,352,210,218,284,265,52,111,118,300,307,229,227,150,156,159,45
CONMEBOL:346,298,293,291,198,194,271,276,102,34,99,91,93,234,237,144,148,24,80,246,249,177,170,183,189,12,19,62,324,329,204,209,72,8,122,126,129,316,65,254,160,353,217,214,282,269,55,50,114,308,303,226,154,112,43,41
UEFA:345,296,272,273,109,100,106,38,30,338,331,92,94,235,236,1,143,140,141,135,26,21,81,87,241,178,176,184,10,13,18,321,327,201,208,76,71,121,125,317,67,250,256,169,161,351,289,283,285,263,260,267,51,116,309,225,222,221,151,157,83,48,40,5