100
300
24
6,45
205
287
319
11
322
295
39
109
262
147,326
198
65
256
312
221,154,2
190
130
212
271
249,79
315
247
166
134
165
89
18
47
156
21
184
74
289
161
298
282
32
227,141,182
9
178
216
234
71
50
303
248,232
199
155
329
19,261
0
61
17
119
313,146
1
236,203
64
162,77
95
99
101
124
243
43,72
172
197
51
265
294
246
5
171
245
170
69
306
12
115
85
15
97
164
286
179
220
189,168
38
260
31
300
23
268
176
96
321
22
279
325
131
28
302
82
75
128
272,159
217
149
284
36
70
202
103
53
105
60
158
307
191
37
264
84
7
133
127
274
27
145
68
278
270
223
310
137
35
102
299
263
204
324,207
293
113
229,208
129
110
318
42
192
54
257
107
167
269
314
153
186
187
63
76
14,44
83
34
157
55
235
241
8
174
104
266
173
122
135
88
225
276
152
126
91
188
175
26
180,16
288
92
259
106
93,117
308
194
292
305
206
213
177
150
48
233
125
80
258
224
239,148
253,238
237
297
123
57
254
29
86
3
143
210
30
112
240
140
49
20
231
136
46
242
283
281
118
58
181
132
211
13,94
138
215
33
285
56
214
100
200
25
320
185
280
252
273
291
160
327,209,144
195
301
219
255
142,275
230
116
163
114
98
59
251
139
304
87
10
277
90
40
67
4
120
218
78
62
311
244
201
228
290
317
196,316
169
108
226
66
111
81
250
52
193
222
296
323,41
121
183,267
151,73
328
309
AFC:212,210,313,218,133,136,95,225,27,283,282,284,287,227,120,122,69,328,56,63,319,198,193,271,89,110,84,140,231,300,304,240,101,38,30,145,246,258,251,182,188,196,99,160,17,116,277,235,49,46,322,9,155,203,148,73,78,2,261,267,326
CAF:215,219,132,23,121,123,268,57,52,294,295,93,310,192,81,85,173,3,309,245,103,106,32,37,252,65,254,288,180,189,221,316,165,162,10,143,274,150,62,239,234,48,44,87,201,200,206,72
OFC:217,138,285,124,125,265,129,269,59,50,298,292,312,190,111,112,119,260,226,172,171,170,302,306,244,100,104,105,94,64,179,176,257,249,185,311,142,98,167,11,220,15,117,275,153,157,278,238,67,16,230,224,86,40,324,208,76,1,47
CONCACAF:214,130,139,24,26,21,289,127,54,296,291,318,197,191,115,83,141,7,303,305,109,242,107,39,34,60,175,256,272,253,181,187,317,168,166,161,19,151,90,232,45,320,5,327,204,207,74,68,96,79,270
CONMEBOL:213,264,135,134,25,22,29,222,4,281,286,91,55,51,299,290,199,88,82,118,146,308,301,241,102,33,108,70,61,259,178,248,186,97,276,228,163,12,14,18,314,158,36,236,280,42,323,329,205,149,77,71,154,263,126,169
UEFA:216,211,131,137,20,223,28,0,8,13,128,58,53,297,293,147,195,113,80,174,92,307,247,243,31,35,177,255,183,184,194,6,315,229,164,66,114,273,152,250,156,159,237,233,43,321,325,202,209,75,144,262,266,41,279