100
300
287
114
264
95
190
4
44
163
174
290
201
80
304
196,233
262
96
27
306
225
219
172
49,279
212
103
254
243
133
307
15
275,159,321
220
239
241
232
28
30
143
138
299
161
244
120
268
319
295
71
58
177
297
7
166
116,250
311
285
3
33
12
300
129
291
265
84
197
94,149
41
200
211
100
148
245
293
66
102
154
24
31
23
137
186
40,203
125
155
238
315
150
282
215
29
8
139
222
132
309
302
35
272,98,209
59
39
56
74
320
178
283
85
213
249
135
123
248
173
106
26
230
258
175
298
170,181
193
240
16
113
141
36
18
93
188
60
112
152
119
276
234
76
289
54
255
20
127
73
266
83
194
270
62
202
65
316
312
53
267
88
204
61
46
50
206
318
37
252
13
140
214
216
169
91
205
0
52
183
189,79
151
67
90
296
153
1
11
81
235
38
110
55
69
21
124
191
87
134
305
47
48
171
64
104
257
78
218
292
162
5
301
210
223
217
195
288
242
146
86
168
117
147,229,9
256
317,156
122
308
226
68
32
227
6
89
179
284
280
187
142,14
126
157
77
105
165
130
92
207
263
42
247
231,10
322
176
167
236,72
261
260
259
303
208
273
278
25
108
180
145
314
274,2
63
109
160
19
118
281
82
51
70
115
294
107
198
277,224
182
164
192
269
286
131
185
237,75
251
271
253,45
228
121
313,158
184
310
111
128
22
97,17
144
246
43
136
34
199
99
57
101
221
AFC:210,137,25,223,28,289,227,121,125,265,58,299,290,198,310,190,111,84,174,304,240,103,30,37,94,65,248,180,194,276,228,167,10,15,117,17,150,153,156,90,46,87,320,206,148,73,78,41,1
CAF:216,135,22,282,286,124,55,56,51,291,318,147,195,197,80,118,172,307,109,242,100,39,32,177,256,257,253,183,184,188,311,221,97,142,166,160,11,18,275,250,158,234,237,204,208,75,72,262,47
OFC:215,213,313,133,131,136,95,24,29,8,123,52,292,319,192,271,89,85,173,303,245,101,106,33,145,252,60,259,182,187,316,164,220,12,66,273,116,238,224,280,86,40,5,155,202,76,71,263
CONCACAF:217,218,130,134,26,21,0,4,284,287,13,122,50,53,293,93,312,193,115,110,82,140,231,170,300,301,241,104,38,34,246,61,178,176,249,186,317,6,162,314,151,62,277,235,16,236,44,9,201,205,209,149,77,68,154,144,261,266,267,126
CONMEBOL:214,211,219,132,138,225,20,281,120,127,129,269,69,91,59,63,298,296,297,295,191,88,112,83,141,171,146,308,306,247,243,102,108,258,179,251,255,196,98,168,315,229,163,14,114,274,157,36,48,42,322,200,207,2,270,279
UEFA:212,264,139,27,23,222,283,285,128,268,54,57,294,199,113,81,119,260,226,3,7,92,309,302,305,244,107,105,31,35,70,64,175,254,272,288,185,181,189,99,165,161,19,143,152,159,278,239,67,230,232,233,49,45,43,321,203,74,96,79,169