100
300
271
162,158
200
21
179
154
126
157
81
109
46
234
175
161
137
202
5
141
32
98
82
195
216
39
69
178
300
84
305
279
43
289
26
198
183
272,152,235
108
290
317
227,262
299
94
29
268
171
263
284
72
9
92
20
277,16
107
79
83
4
303
295
193
100
224
264
238
103
38
142
184
314
250
7
298
45
24
267
106
99,78
259
218
151
260
80
172
58
210
11,232,96
312
228
57
159,239
18,117
180
286
86
182
316
185,261
73
310
255
15
217
88
292
229,156
246
140
322
63
243
22
309
28
212
48
70
138
12
160
2,47
101
71,326
53
245
176
197
211
120
37
30
294
35
296
321,203,75
256
64
187
163
130
170
278
134
123
199
173
147,320
191
145,280
221
287
8
19,236
95,207
77
313
244
196
112
319
25
124
132
14
206
0
40
52
61
265
13
122
266
318
169
153
23
269
252
146
51
131
116
167
62
149
76
164
240
241
220
44,209
3
226
121
201
324
204
248
242
283
148
60
168
67
90
274,144
208
59
213
304
49
55
133
165
136
65
36
33
135
31
118
66
273
323
190
166
85
285
247
104
249
27
114
288
188,6
192
301
270
189
115
110
139
91,276,17
111
119
254
50
194
1
87
177
281
223
275
129
42
328
325
302
128
311,329
282
89
181
150,233
225
293
54
327,41
306
315
219
102
174
34
230
258
231
308
10
214
297
251
237
307
97
68
186
125
105
222
113
56
155,74
215
93,253
127
257
291
205
143
AFC:214,210,219,132,131,134,25,281,227,124,269,56,295,293,291,318,199,193,271,112,173,309,300,307,245,241,101,105,38,32,258,180,187,97,6,142,164,163,15,117,250,158,36,237,230,44,322,203,74,71,154,79,263,144,47,326
CAF:211,130,136,95,26,8,285,13,120,123,69,54,51,299,290,198,147,197,192,111,174,303,106,31,37,246,61,179,251,255,188,317,168,160,220,273,152,278,90,239,233,46,327,76,73,2,266
OFC:216,212,137,225,27,20,21,222,282,127,57,50,63,297,190,115,88,110,83,260,170,308,302,102,100,107,34,70,60,175,249,253,182,184,316,10,14,114,18,143,150,157,156,238,323,325,200,206,77,96,261,270,41,1,279,169
CONCACAF:213,264,218,133,135,28,286,122,128,328,58,294,312,113,119,84,140,172,3,92,305,242,103,39,178,257,254,272,185,183,194,276,99,166,162,66,314,151,159,235,232,224,48,86,45,201,207,148,72,78,267
CONMEBOL:138,24,23,289,0,284,125,129,268,59,53,298,93,319,195,191,89,80,85,146,304,247,243,33,108,35,145,252,64,177,176,256,189,311,221,98,229,228,165,161,11,12,275,153,116,16,236,280,49,43,320,324,9,202,204,208,68
UEFA:217,215,313,139,22,223,29,4,283,287,121,265,91,55,52,296,292,310,82,81,118,141,226,171,7,231,301,306,244,109,240,104,30,94,259,65,288,248,181,186,196,315,167,19,274,17,62,277,67,234,42,40,87,321,5,155,329,205,209,149,75,262,126