100
300
122
20
21
29
135
244
235
247
27
125
115
290
33
92,234,149
323
302
52
190
230
79,78
326
253,237
104
128
134
205
13
80
172,159,62
249
7
141
268
308
133
263
147,142,203
243
277,322
266
90
256
179
215
25
17,204
118
16
120
261
201
193
22
112
221,98
23
206
81
212
276
50
310
91
327
286
3
321
254
105
153
282
123
211
26
155
318
37
169
259
32
264
1,47
315
34
320
59
10
185,96
157
312
145
160
311
265
143,158
307
165
42
150,48
223
173
24
246
70,202
131
124
217
305
267
113
224
82
126
68
309
168
186
166
148
57
152
30
183
171,196
111
317
103
54
69,43
73
213
316
71
46,144
76
180
11
18
146
38
284
5
129
293
101
270
274
208
140
273
319
188,238
119
154
61
187
226
280
314
175
151
28
127
99
139
176
93
297
271
298
245
63
84
191
255
207
137
306
174,236
35
163
138
109
75
14
100
167
110
89
232
114
257
225
132
53
229
239
296
189
170
220
194
283
39
117
218
287
292
108
86
251
107
278
130
88
72
87
0
55
106
195
19
304
242
162
269
295
40
200
303
260
94
289
4
97
116
85
300
313
279
299
15
44
178
6,325
294
214
83
227
301
41
222
240
192
60
9
216
324
121
136
231
102
31
45
66,156
164
2
291
8
65
95,209
281
77
241
233
248
181
51
272,250,67
219
285
12,262
49
56
275
288
177
210
228
258
199
197
161
198
182
184,74
58
36
64
252
AFC:215,313,132,137,138,24,222,281,8,227,123,129,268,91,51,50,293,115,82,85,171,170,300,307,243,100,101,258,175,254,288,181,194,188,316,229,163,12,18,275,151,159,62,36,234,44,87,323,325,200,207,72,79,263,144,1
CAF:214,210,136,20,23,223,287,286,121,58,54,57,296,318,199,147,310,88,80,141,302,240,105,38,33,108,94,70,61,259,177,251,272,189,221,164,166,15,66,117,273,250,157,67,235,230,280,49,40,321,9,202,205,154,96,2,262,326
OFC:134,27,21,283,285,120,125,265,59,53,63,295,195,312,197,191,89,226,231,309,303,305,102,107,30,34,145,246,178,255,182,6,142,98,114,153,277,239,233,45,43,327,324,155,208,75,279,169
CONCACAF:212,213,218,219,133,131,95,25,282,124,128,269,56,299,297,292,291,198,193,192,112,83,81,174,140,146,92,306,109,242,104,32,37,253,180,186,184,317,168,228,10,314,274,150,156,158,238,224,320,5,204,71,68,78,261,41,47,267
CONMEBOL:217,264,135,139,26,29,4,13,127,55,294,290,319,190,119,84,173,308,304,245,241,106,39,35,60,65,176,256,257,249,185,183,311,97,276,167,161,19,116,90,16,236,48,203,206,209,149,77,73,270,126
UEFA:216,211,130,225,22,28,289,0,284,122,69,52,298,93,271,111,110,113,118,260,172,3,7,301,244,247,103,31,252,64,179,248,187,196,99,315,165,160,162,11,220,14,143,17,152,278,237,232,46,86,42,322,201,148,76,74,266