100
300
130
249,14
251
121
237
183
315
13
231
252
70
217
283
260
273
149
289
275,49
119
84
189,250
101
165
136
59
100
215
195
285
264
203
287
212
11
85
198
326
206
281
57
56
208
229
186
33
190
199
220
278
77
31
239,1
284
51
3
63
196
181
82
141,17
185,316
32
38
41
46,155
221
247
115
219
137,42
296
107
319
35
241
313
91
27
140
166
173
15
36
174
204
259
60
61
97,150
152
223
293
102
299
274
238
157
20
246
55
95,19
73
25
123
218
93,184
248
308
253
124
310
28
135
128
164
62
89
276,2
270
213
30
232
50
125
258
177
153
116
22
170,98,230,321,267
129
187,44
255
156
280
24
205
161
6
111
297
233
261
269
103
265
88
301
45
311,12
291
52
312
163
114
295
118
139
39
160
34
117
268
113
191
10
0
168
226
5
87
236,75
320
263
298
86
151
105
325
21
202
69
142
200
133
92,288
224
188
192
146
79
294
16
64
167
67
307
144
81
318
243
256
134
197
172
193
317
201
8
234,78
175
322
138
47
83
110
48
54
37
143
266
225
65
309
23
262
148
300
272,228
227,169
324
222
271
257
194
4
9
179
303
53
145
211
26
40
94
290
108
131
178
154
214
96
244
182
127
240
207
171
254
68
277
180
292
66
90,43
286
242
210
99
314,76
304
162,323
302
209
132
18
80
72
122
305
126
158
306
74
112
29
120
245
71
282
216
106
176
109
7
147
58
279
104
159,235
AFC:215,138,22,222,284,120,122,124,51,63,88,89,113,112,308,245,244,109,101,39,31,35,145,60,254,255,272,288,182,180,196,98,229,167,14,17,151,159,278,236,233,49,321,200,202,209,72,261,267,326
CAF:214,213,313,218,132,26,4,282,123,129,53,294,292,318,199,115,82,140,171,301,307,243,102,105,38,246,94,259,64,175,181,187,194,228,10,15,19,275,152,250,156,235,48,42,203,207,148,77,73,68,144,270,169
OFC:211,136,134,29,285,125,265,59,55,57,298,290,197,310,190,84,172,3,146,231,302,100,106,30,34,257,253,184,221,97,165,163,66,114,314,153,116,157,90,239,16,237,224,45,87,322,320,9,201,206,76,262,1,279
CONCACAF:216,212,133,135,139,225,25,223,281,8,287,286,127,269,56,297,293,93,198,195,80,119,173,7,303,306,247,241,107,104,252,61,258,177,251,185,189,311,276,316,164,161,143,273,150,158,232,40,324,205,154,79,2,263,47
CONMEBOL:210,264,219,131,27,21,23,289,0,283,268,295,147,193,271,81,118,85,174,260,226,92,170,309,300,240,103,33,108,70,178,176,256,249,248,186,317,166,162,11,18,62,36,230,46,323,5,204,149,75,71,96,78,41,126
UEFA:217,130,137,95,24,20,28,227,13,121,128,69,91,58,54,50,52,299,296,291,319,312,191,192,111,110,83,141,304,305,242,32,37,65,179,183,188,6,142,99,168,315,160,220,12,117,274,277,238,67,234,280,86,44,43,325,155,208,74,266