100
300
128
297
35
178
201
114
300
143
260
127
107
36
124
284
26
285
123
76
19,49
314
121
206
265
195
224
95
84
18
291
276
197
256
273
157
53
296
142
305
176
79
140
319
301
112
118
82
246
138
267
290
14,96
32
321,327
239
15
281
69
243
110
83
173
105
200
43
228,44
25
164
177
190
108
279
310
257
52
66
258
1
306
160
282
81
100
55
196,230,320
21
225
3
54
253
328
303
249
293
23
132
259
311
232,2
63
217
145
70
207,41
172
329
6
161
272,182
209
181
268
313,153,159
218
242
71
221
87
104
91
247
294
57
308
65
74
92,162
262
199
64
236,5
77
231
158
148
88
68
50
137
9
116
152,156
101
205
0
147
29
283
150,323
30
275,72
238
134
183
85
245
223
126
210
106
250
62
60
193
184,316
136
229
27
78
135
169
188,98,151
144
315
94
318
33
102
203
302
240
4
179
264
171,155
48
192
7
216
56
312
24
51
166
34
125
97,42
8
154
298
266
175
129
163
288
168
16
295
80
202
185
109
274
227,324
261
13
146,180,90
255
189
204
22
244
252
317,277
233
326
103
149
269
304
73
38
299
215
241
254
61
17
307
31
11
263
226
93,278
58
67
75
237,322
40
12
309
117
111
59
86
46
212
133
251
47
248
165
220
113
139
37
208
39
219
99
141
28
286
211
271
287
280
174
214
292
289
213
131
186,234
222,170
120
45,325
167
130
89
115
198
191
119
194
270
20
187
10
235
122
AFC:212,24,20,28,222,0,120,265,128,55,51,294,93,198,312,191,271,89,111,140,173,309,304,247,243,104,37,60,177,255,272,194,97,276,142,316,99,315,160,161,11,15,152,116,67,234,46,42,321,5,327,203,73,78,261
CAF:211,132,135,21,4,283,122,127,69,328,56,295,147,195,82,83,226,172,92,308,301,307,107,252,65,175,249,182,180,189,229,166,162,220,12,274,17,275,150,156,48,324,206,75,154,266,41,1
OFC:217,213,133,139,138,26,23,281,286,227,129,59,52,298,292,290,192,112,80,7,146,302,305,240,102,106,39,33,246,178,251,185,188,317,6,98,163,14,66,114,117,273,277,90,237,230,44,87,322,155,201,204,209,71,96,270,267,126,169
CONCACAF:214,218,131,137,225,29,8,284,123,268,57,53,293,199,310,190,115,81,119,84,141,170,300,244,109,242,34,94,70,61,258,257,288,253,181,196,165,167,18,151,153,157,238,233,280,45,40,325,208,76,74,144
CONMEBOL:215,219,95,22,223,289,285,13,124,269,58,54,63,297,319,193,88,110,118,85,174,260,171,303,306,245,100,38,31,30,108,145,179,176,256,254,187,184,311,228,19,314,158,62,278,239,16,236,232,49,323,9,202,205,148,77,2,263,326
UEFA:216,210,313,264,130,136,134,25,27,282,287,121,125,91,50,299,296,291,318,197,113,3,231,241,103,101,105,32,35,259,64,248,183,186,221,168,164,10,143,250,159,36,235,224,86,43,320,329,200,207,149,72,68,79,262,47,279