100
300
253
188
195
232
10
130
251
206
57
65
278
104
154
103
242
210
63
186
34
22
120
255
86
168
231
270
5
250
85
31
193
235
258
19
197
16
284
271
212
274
48
236
264
58
218
12
127
122
200
14
70
189
215
288
23
72
217
82
169
177
229
275
282
4
117
102
211
95
139
126
234
97
96
87
285
205
269
35
225
301
292
198
27
44,9
246
11
37
187
252
112
55
101
233
29
180
56
160
84
164
221
179
52
157
38
99
254
192
214
194
220
178
129
159
196
90
105
267
286
132
273
172
49
94
8
40
111
13
2
89
3
71
75
100
118
32
143
142
91
170
260
171
60
190
185
272
298
109
247
202
293
241
30
17
119
176
148
158
144
51
78
123
21
76
243
222
98
174
107
259
67
296
213
287
69
128
182
201
151
283
219
209
137
257
261
161
116
162
184
43
62
244
237
150
80
110
156
228
238
290
155
39
277
262
279
291
299
245
66
1
28
165
59
145
45
281
18
199
134
268
24
26
92
248
61
135
300
265
191
256
83
138
226
7
124
33
294
77
88
46
136
113
133
295
115
166
149
173
74
106
204
216
53
249
276
36
93
54
147
223
47
41
163
15
289
239
302
207
0
266
183
153
297
230
25
121
167
114
181
64
73
140,79
208
263
125
50
227
175
146,224
20
108
42
6
240
141
280
152
131
81
203
68
AFC:211,137,26,20,281,123,129,268,54,57,294,199,195,197,190,110,119,84,141,226,7,245,241,100,39,108,35,94,258,177,288,253,167,163,220,14,152,250,158,278,238,16,233,46,42,202,149,77,71
CAF:215,132,139,24,22,4,121,269,69,58,51,63,296,293,194,111,113,118,174,301,103,252,179,187,185,98,168,228,165,274,36,90,235,232,49,204,209,154,78,263,260
OFC:218,135,134,95,138,25,285,59,298,295,191,271,89,173,170,244,242,101,105,34,61,251,248,183,180,221,142,11,66,114,116,156,239,234,224,43,1,9,200,208,76,72,262,126,266
CONCACAF:217,213,133,27,0,8,284,227,125,128,55,53,299,292,291,67,193,88,112,82,81,171,146,231,92,240,243,107,104,33,31,246,178,176,257,254,184,188,97,164,160,12,19,117,273,151,62,280,48,86,45,201,148,75,144,267
CONMEBOL:216,214,210,130,136,21,223,28,289,286,13,120,124,265,56,50,290,83,85,300,302,102,32,37,70,64,175,249,181,186,99,166,161,10,15,143,275,153,277,230,236,40,5,205,79,2,261,276
UEFA:212,264,219,131,225,23,29,222,283,282,287,122,127,91,52,297,93,198,147,192,115,80,140,172,3,247,109,106,38,30,145,60,259,65,256,255,272,182,6,189,196,169,229,162,18,17,150,157,159,279,237,44,87,155,203,207,206,74,73,68,96,270,41,47