100
300
234
143
206
31
58
256
130
72
229
3
246
266
105
296
110
5
284
88
259
171
274
52
300
62
177
122
241
124
17
222
268
21
225
168
301
188
53
134
174
285
147
120
277
217
191
272
86
11
149
264
96
226
230
39
6
74
14
133
161
208
9
109
57
197
37
167
90
176
1
77
56
85
47
55
254
262
139
165
238
202
119
75
172
32
98
68
25
114
79
116
151
48
43
269
42
87
146
126
63
137
204
295
89
117
131
144
159
181
178
257
279
163
138
297
205
28
19
128
152
142,276
232
26
302
82
245
46
221
212
20
224
185
140
129
228
200
76
91
263
73
175
36
162
215
35
83
281
45
242
271
213
27
10
40
237
255
243
121
44
251
258
198
154
123
179
92
203
104
107
12
16
135
166
51
148
282
113
196
186
15
194
49
23
80
54
231
218
275
298
292
290
283
280
101
252
220
193
207
286
30
253
65
278
93
141
81
248
34
247
70
299
97
214
118
127
67
180
111
155
4
265
209,71
291
29
69
261
108
125
270
216
244
250
33
289
294
211
59
132
50
66
223
236
41,260
190
195
201
153
94
235
267
189
210
78
158
288
24
102
184
136
156
100
103
187
38
7
182
192
13
227
183
60
157
115
106
287
160
173
18
64
164
199
273
95
112
145
169
150
0
99
239
61
219
240
170
84
2
249
293
233
8
22
AFC:214,210,219,24,27,20,227,120,125,128,59,51,63,299,294,88,113,173,141,170,244,247,101,106,38,70,61,254,288,181,189,97,165,160,163,12,15,275,153,152,277,279,280,48,42,5,9,200,202,76,79,260,267
CAF:216,131,135,138,25,223,28,0,4,285,122,129,91,57,295,290,147,194,191,115,89,112,81,174,172,103,107,32,94,256,248,184,6,168,228,164,143,274,158,62,278,237,49,204,209,149,74,72,68,261,270,41,47
OFC:215,213,132,136,26,8,282,287,13,123,268,54,297,197,67,192,110,3,231,245,109,100,30,37,34,258,176,255,182,185,167,161,19,116,250,159,90,238,235,224,86,45,43,205,207,73,71,154
CONCACAF:211,218,137,134,23,222,289,284,124,265,55,52,296,292,199,190,80,119,171,301,241,243,102,31,108,65,177,251,272,180,166,11,14,114,18,151,157,236,232,46,40,155,203,148,96,78,263,276
CONMEBOL:217,264,133,95,139,29,283,127,269,56,53,298,291,198,195,111,83,118,84,226,7,92,302,105,39,252,259,64,179,253,187,221,99,169,273,17,150,156,239,234,16,230,233,44,1,206,208,77,75,2,144
UEFA:212,130,225,21,22,281,286,121,69,58,50,293,93,193,271,82,85,140,146,300,240,242,104,33,35,145,246,60,178,175,257,249,183,186,188,196,142,98,229,162,10,220,66,117,36,87,201,262,126,266