100
300
139
229
152
124
88
160
241
164
331
315,274,238,44
249
1
310
298
151
257
20
303
213
10
148
131
49
126
116
81
178
26
285
180
115
154
318
270
150,159
223
250
243
56
200
129
96
14
282
217
138
307
203
294
89
41
141,66
118
95
102
80
286
240
188
219
311
50
228,235
79
140,65,267
316
301
246
6
269
239
292
32
339
42
133
51
276
206
254
319
317
35
111
130
252
173
104
121
323
112
25
245
305,47
101
201
291
53
320,72
103
107
73
314
125
312
334
299
244
36
271
110
210
100
296
236
174
293
184
259
23
75
248,186
275
114
308
171,326
18
195
332
256
84
230
4
283
64
97
12
83
134
192
207
214
324
85
313
198
45
172
163
119
48,205
24
167
211
279
177
330,149
280
176
11
260,17
70
226
92
224,327
117
225
105
127
144
13
166
290
52
300
37
9
142
87
8
31
325
328,62
297
212
145,15
91
255
33
67
39
94,189,196
135
68
264
218
157
161
113
136
199
153
287
108
273
16
165
59
265
258
5
147,329
71
202
337
63
233
3
128
46
197
76
253,99
227
215
242
69,277
90
170,2
338
106
185
288,262
29
322,209
272,143
302
278,74
30
57
21
182
162
179
77
82
231
281
208
61,98
183
0
86
336,40
284
216
251
261
268
34
120
54
19
247
309
333,220
194
55
78
38
321
304
27
191
289
43
158
122
156,237,263
58
193
132
181
295
190
204
175,168
7
222
137
123
306
146,155,169
335,234
187,232
109
28
22
93,221,266
60
AFC:216,212,313,219,131,135,27,223,29,289,285,268,328,58,50,293,199,147,271,110,119,84,260,141,171,7,146,92,301,304,244,103,107,32,35,339,179,175,251,257,288,186,184,229,166,11,19,116,158,62,237,49,86,321,203,76,73,68,154,2,279
CAF:213,210,130,137,138,25,20,282,286,122,55,53,294,295,290,195,191,111,80,174,140,226,3,302,306,243,100,38,30,94,330,332,61,259,177,272,185,253,248,181,196,221,97,317,160,10,12,314,156,277,239,234,46,42,40,323,320,155,202,209,72,144,1,267
OFC:215,132,225,26,23,4,8,287,120,128,52,312,192,82,85,172,308,300,241,102,37,246,334,60,65,178,256,249,182,189,161,162,15,114,150,152,157,278,67,235,45,325,329,206,208,77,74,96,261,266,41
CONCACAF:214,218,133,22,0,284,227,121,125,129,269,69,63,298,318,197,113,83,118,170,305,106,104,33,335,337,255,180,187,194,276,98,315,167,163,14,143,250,36,90,238,230,87,322,207,148,75,263,262,47,326
CONMEBOL:211,136,95,139,28,13,124,265,127,56,51,299,296,291,93,319,198,193,115,89,173,231,307,247,240,242,105,31,34,145,338,333,64,188,142,316,228,164,220,18,117,273,70,233,280,44,43,5,327,324,9,200,204,149,79
UEFA:217,264,134,24,21,222,281,283,123,91,59,54,57,297,292,310,190,88,112,81,309,303,245,109,101,39,108,252,336,331,258,176,254,183,311,6,99,168,165,66,274,17,275,151,153,159,16,236,232,224,48,201,205,71,78,270,126,169