100
300
239
192
86
173,334,288
299
247
125
177
194
340
90
246,315
50
191
137
218
320
8
80
201
304
287
250,204
220,277
292
52
260
180
264
317
75
146
30
119
2
200
234
134
185
135
132
56
339
27
100
268
102
140
249
14
58
155
51
283
101,181
109
276,18
114
213
32
241
198
176
89
235,154
70
15
286
302
305
45
95
170
1
289
306
291
63,49,41
269
296
219
127
258
71
232
92,183
319
275,36
34,67
149
39,153
254
281
11
167
172
37
303
163
94
3
242
87
337,151
203
62
328,333
133
274
284
65
187,316
6
105
294
76
231,157
106
255
164
307
265
321
103
128
318
221,314,325,144
313,91
278,207
55
166
259
116
230
322,329
216
24
23
16
33,19
72
174,46
99
210
290
211
25
168
193
13
145,78
205
74
336
162
159
85
20
169
143
223
226
123
179
257
311
118
297
136
60
110
225
252
93,96
332,280
310,152
272,228
121
330
141
82
323
233
298
279
293
88
138
197
206
238,209
130
165
301
312
245
273
59
190
31
184
115
300
131
212
156
253
161
124
4
237
261
222,270
282,42
48
64
147,229
122
326
43
61
112
175
188
47
38
171
113
53
251
28
12
309
160
10
266
227
66
331
107
142,79
324,208
126
224
256
9
7
327
199
285
22
248
182
150
217
271
120
97
5
195
214
308
243
295
83
29
104,158
0
54
240
84
178
202
81
68
73
111
338
21
189,262
69
129
26
17
244
98
57
196
267
186
263
40,148
117
35,236
335
77
139
108
44
215
AFC:313,264,218,132,135,29,289,283,121,128,268,328,55,53,147,197,190,271,7,92,300,302,243,103,107,38,246,337,336,60,61,258,176,253,180,188,276,316,165,114,143,153,159,70,36,278,90,235,16,232,322,9,203,208,149,76,79,1,47,169
CAF:215,130,134,0,287,122,125,54,50,299,290,319,115,174,141,226,171,307,247,240,106,33,30,339,335,330,65,179,251,184,194,311,6,228,161,11,220,18,274,277,234,280,43,40,324,155,200,148,68,78,261,267,326
OFC:217,212,131,137,28,282,265,56,51,63,296,294,193,88,111,309,304,102,105,32,94,338,333,177,256,272,288,248,183,189,196,317,99,229,167,163,19,314,250,157,239,67,233,224,86,42,5,329,202,205,207,75,71,144,41,126
CONCACAF:213,210,136,139,25,22,286,123,127,52,297,293,291,195,110,119,84,173,172,231,308,244,242,101,34,145,332,257,254,185,181,221,162,10,15,117,275,152,158,62,237,49,44,320,327,201,73,96,2,263,279
CONMEBOL:216,133,95,225,26,23,222,340,4,281,8,285,227,13,124,129,269,69,91,59,57,198,310,191,89,113,83,81,118,85,260,146,301,303,306,245,109,39,37,252,334,178,187,97,142,168,315,164,160,14,66,273,151,116,238,230,48,46,323,321,325,204,74,154,266
UEFA:214,211,219,138,24,27,20,21,223,284,120,58,298,295,292,93,318,199,312,192,112,82,80,140,3,170,305,241,100,104,31,108,35,331,259,64,175,255,249,182,186,98,166,12,17,150,156,236,45,87,206,209,77,72,262,270