100
300
8
172
183
275
301
249
304
132
38
16
224
75
298
180
288
71
107
202
40
303
291
220
285
294
292
136
95
188
76
191
70
94
160
64
39
174
256
300
137
284
184
158
282
197
103
148
283
105
241
260
277
54
293
165
131
24
80
209
96
20
189
192
154
9
215
278,46
264
11
120
62
97
101
14
276
248
171
254
266
178
12
159
152
193
69
153
21
151
216
201
255
123
108
140
4
175
302
163
155
147
34
144
245
18
29
182
61
125
114
150
72
181
90
92
74
179
52
166
134
267
290
109
121
110
79
30
252
299
204
296
128
231
169
13
187
162
142
271
56
232
50
17
35
251
115
53
214
295
59
203
130
93
68
41
7
2
145,5
223
212
27
143
1
25
127
19
238
43
194
274
26
176
99
133
219
190
164
221
217
88
227
269
67
272
10
60
173
89
118
104
246
205
279
58
257
37
186
228
177
297
135
129
141,149,73
167
116
49
106
124
289
196
262
157
287
200
23
33
208
78
229
65
235
138
207
57
170
55
113
222
84
32
48
233
111
51
230
210
63
22
122
28
281
273
86
237
259
280
250
211
185
244
98
146
268
199
226
258
198
234
81
265
156
117
3
263,47
119
270
112
168
261
243
225
83
100
195
236
286
45
206
247
242
218
239
85
87
42
0
6
126
253
36
82
161
91
31
240
102
44
139
66
213
15
77
AFC:217,211,130,25,222,281,286,269,58,56,50,298,292,191,88,113,82,118,3,301,245,100,104,39,30,70,65,176,255,186,142,98,169,228,165,11,15,19,273,151,152,158,236,280,48,200,205,208,148,74,78,263,267
CAF:213,264,136,139,20,289,8,13,124,129,55,53,296,290,67,193,89,110,85,140,173,231,92,302,242,102,107,32,35,94,61,178,254,181,184,196,166,162,117,17,159,277,239,279,233,224,45,1,149,77,260
OFC:215,131,137,95,27,23,4,282,121,125,59,293,93,199,195,83,226,170,300,240,243,105,38,33,145,246,258,64,251,272,180,188,185,99,161,12,18,275,150,116,90,232,49,40,9,201,207,76,71,47,266
CONCACAF:216,219,133,135,24,22,283,128,69,52,63,295,198,194,190,271,111,119,84,174,304,247,241,31,34,259,179,253,183,6,221,229,164,167,66,274,156,16,46,5,203,75,154,79,144
CONMEBOL:212,210,132,21,28,0,285,287,227,120,122,265,54,299,291,192,112,80,172,146,303,244,109,106,175,256,248,182,97,168,160,10,220,14,114,143,153,250,157,62,36,278,238,234,42,43,87,204,73,261,270,126
UEFA:214,218,134,138,225,26,223,29,284,123,127,268,91,57,51,297,294,147,197,115,81,141,171,7,103,101,37,108,252,60,177,257,288,249,187,189,163,235,237,230,86,44,155,202,206,209,72,68,96,2,262,41,276