100
300
4
235
117,47
29
100
255
199
69,248,9
219
42,266
123
310
44,5
254
34
295
108
89
155
298
173
195
86
104
309
106
135
324,267
187
71
174
236
116
283
256
138
151
296
168
160
202
226
152
121
250
80
23
301
93
101
221
30
171
54
91,317
87
196
95
318
252
190
142
62
300
61
220
85
107
175,158
114
81
115
182
161
172,46
17
272
170
59
28
189
218
216
180
319
134
26
119
243
149
237
253
293
181
8
230
65
238
302
203
52
314,2
145
322,79
176
269
63
261
213
315
15
120
103
10
198
164
22
129
297
35
307
98
112
162,326
244
285
137
141
24
68
312
325
58
212
303
282
66
259
136
36
131
178
41
271
240
313
167
74
113
166
111
210
231
242
45
290
245
102
27
286
232
305
217
83
330
31
165
159
227,13,43
122
249
70
185,14
128
97
208
38
67
7
291
278
154
156
258
82
20
146,6
215
25
304
153
73
328,76
56
84
329
144,270
39
265
299
183,48
19
323
311,150
294
132
193
239,263
126
321,78
281
205
118
188
21
251
288,229
206
94
147
211
64
18,234,207
209
33
139
186
273
214
284
125
192
96
268
308
280
11
51
276
241
320
3
204
327
225
177
88
257
163
133
99
289
287
331
49,148
292
140,228
92,224,1
191
16,40
179
60
53
12
90
184
169
75
279
306
274,77
0
32
262
222
55
109
197
264
130
50
127
124
110
233
194
72
105
246
223
200
201
143
275,277
316
157
37
247
260
57
AFC:214,313,139,222,282,121,265,69,59,55,292,115,110,82,85,171,300,103,31,34,331,64,178,255,183,194,97,6,228,167,160,10,114,143,274,152,277,234,232,42,322,5,207,206,149,74,2,261,326,126
CAF:218,136,20,29,289,0,281,283,227,125,91,54,57,63,318,198,147,195,271,113,119,231,170,308,244,109,102,100,105,252,65,257,288,249,185,311,163,11,15,314,62,237,48,87,323,9,155,202,209,73,79,263,144,41,267
OFC:215,133,138,25,27,22,223,4,286,124,129,56,51,298,296,291,192,88,89,80,173,141,309,303,305,241,106,108,145,246,94,259,251,272,181,99,315,165,162,12,18,117,150,156,36,278,239,67,235,16,230,45,40,321,327,329,203,208,76,68,270,47
CONCACAF:217,211,131,135,225,8,287,122,128,299,297,293,310,191,260,92,302,243,107,39,33,30,60,177,175,253,248,180,187,188,196,317,142,98,166,161,220,66,17,153,159,86,44,325,201,71,1,279
CONMEBOL:216,210,132,134,24,23,28,285,13,123,127,268,50,52,295,290,319,199,193,112,81,84,174,226,3,146,301,306,240,242,101,38,35,61,258,176,254,186,184,221,276,229,275,151,116,250,157,90,233,46,324,204,75,72,262,169
UEFA:212,213,264,219,130,137,95,26,21,284,120,269,328,58,53,294,93,312,197,190,111,83,118,140,172,7,304,307,245,247,104,32,37,70,330,179,256,182,189,316,168,164,14,19,273,158,238,236,224,280,49,43,320,200,205,148,77,154,96,78,266